   20010    305.21085    80.757422   -6641.7168   -6560.9593    24879.516    2105.6054    2157.8005    2023.2708    2135.7448    29.193129    29.193129    29.193129   -6528.2623 
   20020    305.99956    80.966111   -6641.7146   -6560.7485     24880.85    1979.9699     1983.862    1974.5815    1981.4663    29.193651    29.193651    29.193651   -6530.0007 
   20030     308.2776     81.56887    -6642.119   -6560.5501    24882.356    1855.8146    1838.4008    1898.1333    1830.9098     29.19424     29.19424     29.19424   -6531.7287 
   20040    311.65319    82.462038   -6642.8373   -6560.3753    24884.024    1739.8293    1736.5777    1777.0849    1705.8251    29.194892    29.194892    29.194892   -6533.3533 
   20050    314.30474    83.163624    -6643.407   -6560.2434    24885.843    1612.7757     1630.485      1624.68     1583.162    29.195603    29.195603    29.195603   -6535.1929 
   20060     314.1498    83.122628   -6643.2966    -6560.174    24887.803    1510.3764    1510.8358    1504.6055    1515.6878    29.196369    29.196369    29.196369   -6536.7122 
   20070    310.37564    82.124002   -6642.2992   -6560.1752    24889.893    1468.7394    1420.4188    1442.0731    1543.7264    29.197187    29.197187    29.197187   -6537.3583 
   20080    304.44479    80.554727   -6640.7925   -6560.2378    24892.112    1486.4488    1402.7407    1436.0299     1620.576    29.198054    29.198054    29.198054   -6537.1436 
   20090    299.39415    79.218349   -6639.5589   -6560.3406    24894.459    1505.2866    1433.5592    1432.8085    1649.4923    29.198972    29.198972    29.198972   -6536.9516 
   20100    297.62691    78.750746   -6639.2161   -6560.4654    24896.936     1460.021    1430.3454    1362.4865    1587.2312    29.199941    29.199941    29.199941   -6537.7775 
   20110    299.16555    79.157863    -6639.766   -6560.6082    24899.539    1344.3493     1341.328    1241.0736    1450.6463    29.200958    29.200958    29.200958   -6539.7156 
   20120    301.94482    79.893245   -6640.6738   -6560.7805    24902.258    1187.9019    1172.5907    1119.8889    1271.2262    29.202021    29.202021    29.202021   -6542.3173 
   20130    303.57162     80.32369   -6641.3247    -6561.001     24905.08    985.92728     931.2933    957.77428    1068.7143    29.203124    29.203124    29.203124   -6545.6753 
   20140    303.04516    80.184391   -6641.4659   -6561.2815    24907.985    740.04686    624.52373    749.67353    845.94332    29.204259    29.204259    29.204259   -6549.7765 
   20150    301.10279    79.670448   -6641.2891   -6561.6187    24910.954    493.76288    305.06588    559.74795     616.4748     29.20542     29.20542     29.20542   -6553.9416 
   20160    299.52856    79.253913   -6641.2504   -6561.9965    24913.963    251.19122    10.089005    374.93675     368.5479    29.206596    29.206596    29.206596   -6558.0905 
   20170    299.78742    79.322409   -6641.7202   -6562.3978    24916.993   -19.804994   -278.73737    132.96325    86.359138     29.20778     29.20778     29.20778   -6562.7058 
   20180    301.83032    79.862951   -6642.6758   -6562.8128    24920.019     -332.882   -577.94329   -191.32564   -229.37706    29.208962    29.208962    29.208962   -6567.9904 
   20190    304.14426    80.475208   -6643.7145   -6563.2392    24923.013   -647.75523   -850.01874   -555.95623   -537.29072    29.210132    29.210132    29.210132   -6573.3155 
   20200    304.94385    80.686777   -6644.3609   -6563.6742    24925.949   -911.76796   -1063.8163    -888.9613    -782.5263    29.211279    29.211279    29.211279    -6577.859 
   20210    303.64833    80.343986   -6644.4502   -6564.1062    24928.804   -1108.2687   -1228.6968   -1128.3758   -967.73348    29.212394    29.212394    29.212394   -6581.3501 
   20220    301.12561    79.676487   -6644.1931   -6564.5166    24931.559   -1256.2671   -1379.1822   -1277.0714   -1112.5477     29.21347     29.21347     29.21347   -6584.0654 
   20230    298.77686    79.055017   -6643.9422   -6564.8872    24934.202   -1395.7362    -1530.747   -1401.4041   -1255.0574    29.214502    29.214502    29.214502   -6586.6086 
   20240    297.43442    78.699815    -6643.908   -6565.2082    24936.721    -1544.589   -1668.2004   -1550.8166     -1414.75    29.215486    29.215486    29.215486   -6589.2486 
   20250    296.87873     78.55278   -6644.0321   -6565.4793    24939.102   -1667.1216   -1760.0001   -1707.0348   -1534.3298    29.216416    29.216416    29.216416   -6591.4293 
   20260     296.1687    78.364909   -6644.0696   -6565.7047    24941.335   -1752.2477   -1820.9866   -1829.1025    -1606.654    29.217288    29.217288    29.217288   -6592.9822 
   20270    294.31471    77.874354   -6643.7614    -6565.887    24943.413   -1831.3326   -1898.7428   -1908.2586   -1686.9963    29.218099    29.218099    29.218099   -6594.3981 
   20280    291.31737     77.08127   -6643.1042    -6566.023    24945.328    -1909.873    -1985.781   -1948.4248   -1795.4131    29.218847    29.218847    29.218847    -6595.759 
   20290    288.72469    76.395259      -6642.5   -6566.1047    24947.074   -1970.0779   -2042.1026   -1949.4183   -1918.7128    29.219529    29.219529    29.219529   -6596.7803 
   20300    288.58052    76.357112   -6642.4838   -6566.1267    24948.645   -2032.1675   -2074.0483   -1952.0533    -2070.401    29.220142    29.220142    29.220142   -6597.7711 
   20310    291.78989    77.206296   -6643.2987   -6566.0924    24950.036   -2144.4885   -2125.6237   -2052.0246   -2255.8174    29.220685    29.220685    29.220685   -6599.4877 
   20320    297.36122    78.680445   -6644.6985    -6566.018    24951.237   -2319.9775   -2237.5806   -2295.4981   -2426.8538    29.221154    29.221154    29.221154   -6602.1478 
   20330    302.61796    80.071355   -6646.0014     -6565.93    24952.232   -2484.4033   -2384.2916   -2570.4607   -2498.4577    29.221542    29.221542    29.221542    -6604.622 
   20340    304.47146    80.561784    -6646.416   -6565.8542    24953.009   -2557.9569   -2485.9179   -2732.0335   -2455.9193    29.221846    29.221846    29.221846    -6605.693 
   20350    301.41083    79.751954   -6645.5521   -6565.8001    24953.561   -2518.2575   -2478.2656   -2729.6549   -2346.8519    29.222061    29.222061    29.222061   -6605.0215 
   20360    294.77525    77.996209   -6643.7486   -6565.7524    24953.892   -2394.4118   -2360.8002   -2588.0193    -2234.416     29.22219     29.22219     29.22219   -6603.0453 
   20370    288.02065    76.208973   -6641.8872   -6565.6783    24954.012   -2230.7268   -2172.9335    -2352.565   -2166.6818    29.222237    29.222237    29.222237    -6600.422 
   20380    284.56111    75.293593   -6640.8382   -6565.5446    24953.936   -2091.9741   -1991.1725   -2122.7819   -2161.9679    29.222207    29.222207    29.222207   -6598.1271 
   20390     285.8266    75.628438     -6640.96   -6565.3316    24953.675   -2042.5224   -1904.6855   -2008.5169   -2214.3648    29.222105    29.222105    29.222105   -6597.1436 
   20400    290.72892    76.925569   -6641.9655   -6565.0399    24953.233   -2084.4204   -1951.1151   -2028.3457   -2273.8003    29.221933    29.221933    29.221933   -6597.5039 
   20410    296.68696    78.502039   -6643.1935   -6564.6915    24952.609   -2153.2276   -2089.9988   -2103.9574   -2265.7267    29.221689    29.221689    29.221689   -6598.2263 
   20420    301.17655    79.689966   -6644.0119   -6564.3219    24951.795   -2212.3699   -2271.5728   -2169.8358   -2195.7012    29.221372    29.221372    29.221372   -6598.7767 
   20430    303.06039    80.188421   -6644.1537   -6563.9653    24950.788   -2229.2881   -2411.1624   -2178.9472   -2097.7546    29.220979    29.220979    29.220979   -6598.6821 
   20440    302.75145    80.106676   -6643.7482   -6563.6415    24949.586   -2201.7949   -2447.7267   -2163.7562   -1993.9017    29.220509    29.220509    29.220509   -6597.9285 
   20450    301.64501    79.813918   -6643.1682   -6563.3543    24948.192   -2131.9577   -2353.5679   -2157.9004   -1884.4048    29.219965    29.219965    29.219965   -6596.5519 
   20460    301.27649    79.716408   -6642.8158   -6563.0994    24946.611   -2014.1279   -2150.9864   -2134.2524   -1757.1449    29.219348    29.219348    29.219348   -6594.4603 
   20470    302.09062    79.931824   -6642.8055   -6562.8737    24944.855    -1864.954   -1936.3321   -2057.3355   -1601.1945    29.218662    29.218662    29.218662   -6591.9098 
   20480    303.15735    80.214076   -6642.8927   -6562.6786    24942.937   -1725.8143   -1805.0711   -1917.9219   -1454.4497    29.217913    29.217913    29.217913   -6589.5464 
   20490    303.41317    80.281764   -6642.7986   -6562.5168    24940.868   -1600.7029   -1740.3092   -1719.5801   -1342.2192    29.217105    29.217105    29.217105   -6587.4348 
   20500    302.81859    80.124442   -6642.5114    -6562.387    24938.661   -1448.0565   -1655.8364   -1456.6334   -1231.6996    29.216243    29.216243    29.216243   -6584.9267 
   20510    302.09505    79.932997   -6642.2163   -6562.2833    24936.328   -1262.1504   -1520.4276   -1146.5862   -1119.4376    29.215333    29.215333    29.215333   -6581.9274 
   20520     301.9847    79.903798   -6642.1033   -6562.1995    24933.887   -1073.1183   -1337.9328   -847.95424   -1033.4679    29.214379    29.214379    29.214379   -6578.8999 
   20530    302.67238    80.085754   -6642.2187   -6562.1329    24931.353   -920.95407   -1135.4491   -650.68558   -976.72755    29.213389    29.213389    29.213389   -6576.4638 
   20540    303.53258     80.31336   -6642.3984    -6562.085     24928.74   -785.43339   -926.06586   -542.68523   -887.54909    29.212369    29.212369    29.212369   -6574.3058 
   20550    303.56193    80.321127   -6642.3791    -6562.058    24926.062   -614.22364   -718.02809   -423.43877   -701.20408    29.211323    29.211323    29.211323   -6571.6138 
   20560    302.23002    79.968707   -6642.0188   -6562.0501    24923.331   -399.60141   -522.03689   -247.17408   -429.59325    29.210256    29.210256    29.210256   -6568.2663 
   20570     300.0699    79.397151   -6641.4505   -6562.0533    24920.569   -178.44211   -359.55188   -24.912611   -150.86183    29.209177    29.209177    29.209177   -6564.8288 
   20580    298.61186    79.011359    -6641.068   -6562.0567    24917.793   -3.5824662   -268.58701    200.13667    57.702945    29.208092    29.208092    29.208092   -6562.1124 
   20590    299.31514    79.197443    -6641.251   -6562.0536    24915.019    109.61229   -244.86954    383.12211     190.5843    29.207008    29.207008    29.207008    -6560.349 
   20600    302.49892    80.039859   -6642.0881   -6562.0483    24912.256    198.59502    -191.1135    507.18282    279.71574    29.205929    29.205929    29.205929   -6558.9603 
   20610    306.94092     81.21519   -6643.2722    -6562.057    24909.514    327.02459   -24.695466    622.30294    383.46629    29.204857    29.204857    29.204857   -6556.9726 
   20620    310.15844    82.066533   -6644.1689   -6562.1023    24906.804    501.83568    218.03048    734.39665    553.07991    29.203798    29.203798    29.203798    -6554.301 
   20630    309.76348    81.962028   -6644.1624   -6562.2004    24904.141    722.18916    487.45555    849.00942     830.1025    29.202757    29.202757    29.202757   -6550.9747 
   20640    305.01493    80.705582   -6643.0525   -6562.3469    24901.544    986.20022    771.35643    1022.4517    1164.7925    29.201742    29.201742    29.201742   -6547.0191 
   20650    297.49749    78.716501   -6641.2313   -6562.5148    24899.035    1230.8291    1046.2717    1234.7942    1411.4214    29.200761    29.200761    29.200761   -6543.3868 
   20660    290.90268    76.971544   -6639.6374   -6562.6658    24896.636    1394.9255    1287.6042    1410.3425    1486.8297    29.199823    29.199823    29.199823   -6540.9897 
   20670    289.25139    76.534622   -6639.3059   -6562.7713    24894.362     1483.812    1458.4222    1537.3633    1455.6504    29.198934    29.198934    29.198934   -6539.7161 
   20680    293.87602    77.758278    -6640.585   -6562.8267    24892.219    1522.5791    1524.3394    1625.4962    1417.9016    29.198096    29.198096    29.198096   -6539.1711 
   20690    302.07666    79.928131   -6642.7824   -6562.8543    24890.211    1519.5261    1498.7153    1663.2638    1396.5993    29.197311    29.197311    29.197311   -6539.2481 
   20700    309.11076     81.78932    -6644.684   -6562.8947    24888.338     1511.558    1449.3518    1675.1643    1410.1577    29.196579    29.196579    29.196579    -6539.414 
   20710    311.30065    82.368758   -6645.3559   -6562.9871    24886.599    1542.3709    1476.2131    1656.6256    1494.2738    29.195899    29.195899    29.195899   -6539.0295 
   20720    307.96526    81.486228   -6644.6348   -6563.1485    24884.998    1612.6142    1604.9935    1588.9558    1643.8933    29.195273    29.195273    29.195273   -6538.1014 
   20730    301.65764    79.817259   -6643.1856   -6563.3684    24883.539      1719.53    1791.7752    1530.0081    1836.8065    29.194702    29.194702    29.194702   -6536.6622 
   20740    296.22276    78.379215   -6642.0014   -6563.6222    24882.233    1849.8574     1986.357    1539.3433    2023.8718    29.194191    29.194191    29.194191   -6534.8934 
   20750    294.22063     77.84946    -6641.741   -6563.8916    24881.089    1937.4904    2089.2079    1600.9233      2122.34    29.193744    29.193744    29.193744   -6533.8032 
   20760     295.7652    78.258145   -6642.4343   -6564.1761    24880.116     1941.794    2040.2641    1672.1892    2112.9288    29.193363    29.193363    29.193363   -6534.0221 
   20770    298.96291    79.104247   -6643.5977   -6564.4934    24879.313    1912.1281    1916.9849    1753.9801    2065.4192    29.193049    29.193049    29.193049   -6534.8011 
   20780    301.16086    79.685812   -6644.5562   -6564.8704    24878.678    1875.5683     1777.068    1832.3572    2017.2797    29.192801    29.192801    29.192801   -6535.7465 
   20790    300.32355    79.464265     -6644.79   -6565.3258    24878.208    1845.1408    1653.0889    1906.9064     1975.427    29.192617    29.192617    29.192617   -6536.6749 
   20800    296.32671    78.406719   -6644.2578   -6565.8511      24877.9    1846.9446    1593.9101    1997.9813    1948.9423    29.192497    29.192497    29.192497   -6537.1726 
   20810    291.12662    77.030798   -6643.4356   -6566.4048    24877.754    1860.7795    1595.0247    2052.5711    1934.7427     29.19244     29.19244     29.19244   -6537.5115 
   20820    287.47871    76.065579   -6642.9951   -6566.9295    24877.772    1863.0254     1640.023    2033.7105    1915.3427    29.192447    29.192447    29.192447   -6538.0014 
   20830    287.30255    76.018967    -6643.401    -6567.382    24877.952    1809.6758    1669.2939    1926.5078    1833.2256    29.192517    29.192517    29.192517   -6539.2821 
   20840     290.2724    76.804777    -6644.553   -6567.7482     24878.29    1691.0639    1622.5833    1757.1073     1693.501    29.192649    29.192649    29.192649   -6541.4897 
   20850    293.94556    77.776678   -6645.8137    -6568.037    24878.776     1546.764    1500.8793    1600.1104    1539.3023    29.192839    29.192839    29.192839   -6544.0187 
   20860    295.87658    78.287616   -6646.5524   -6568.2648    24879.397    1398.5421    1339.8531    1477.6231    1378.1501    29.193082    29.193082    29.193082   -6546.5476 
   20870    295.39889    78.161221   -6646.6036   -6568.4424     24880.14    1283.5664    1202.8011    1391.1476    1256.7505    29.193373    29.193373    29.193373   -6548.5099 
   20880    293.62758    77.692542   -6646.2643   -6568.5718    24880.995     1194.087    1083.4504    1314.5851    1184.2254    29.193707    29.193707    29.193707   -6550.0282 
   20890    292.35208    77.355049   -6646.0067   -6568.6517    24881.955    1108.0559    954.26504    1232.4228    1137.4799    29.194083    29.194083    29.194083   -6551.4435 
   20900    292.66977    77.439108   -6646.1233   -6568.6842    24883.011     1029.891    844.14527    1129.9585    1115.5693    29.194496    29.194496    29.194496   -6552.6892 
   20910    294.28484     77.86645   -6646.5444   -6568.6779    24884.157     970.3898    772.12887    1002.4671    1136.5735    29.194944    29.194944    29.194944   -6553.6063 
   20920    295.90838    78.296032   -6646.9411   -6568.6451    24885.388    935.60593    734.18579    874.07685    1198.5552    29.195425    29.195425    29.195425    -6554.113 
   20930    296.32334    78.405826    -6647.002   -6568.5962      24886.7    925.45703    745.34595    776.95186    1254.0733    29.195938    29.195938    29.195938    -6554.221 
   20940    295.01939    78.060808   -6646.5958   -6568.5349    24888.092       919.86    795.33584    728.43862    1235.8056    29.196483    29.196483    29.196483   -6554.2459 
   20950    292.28249    77.336638   -6645.7932   -6568.4565    24889.565    922.08693    858.64819    769.90685    1137.7058    29.197059    29.197059    29.197059   -6554.1321 
   20960    289.04445    76.479864   -6644.8299   -6568.3501    24891.117    936.92202    906.56671    903.98117    1000.2182    29.197666    29.197666    29.197666   -6553.7942 
   20970    286.37543    75.773654   -6643.9771   -6568.2034    24892.751    942.16102    907.02168    1056.2937    863.16766    29.198304    29.198304    29.198304   -6553.5652 
   20980    285.08882    75.433223   -6643.4412    -6568.008    24894.466    939.92199    861.15296    1151.3543    807.25871    29.198975    29.198975    29.198975   -6553.4036 
   20990    285.50635    75.543701   -6643.3056   -6567.7619    24896.263     896.1313    731.73821    1096.4744    860.18131    29.199677    29.199677    29.199677   -6553.8369 
   21000    287.55473    76.085692   -6643.5577    -6567.472    24898.137    786.68004    518.67539    886.19431    955.17041     29.20041     29.20041     29.20041   -6555.2469 
   21010    290.96188    76.987209   -6644.1409   -6567.1537    24900.078    627.93391    294.94587    599.93803    988.91783    29.201169    29.201169    29.201169   -6557.3947 
   21020    295.03494    78.064921   -6644.8934   -6566.8285    24902.073    441.54006    120.30773    308.77374     895.5387    29.201949    29.201949    29.201949   -6559.9658 
   21030    298.69119     79.03235   -6645.5521   -6566.5197    24904.106    238.59297    25.421777    39.195388    651.16173    29.202743    29.202743    29.202743   -6562.8111 
   21040    301.10236    79.670333   -6645.9158   -6566.2455    24906.159    54.968349    5.0456528   -153.32718    313.18658    29.203546    29.203546    29.203546    -6565.391 
   21050    301.78191    79.850141    -6645.864   -6566.0139    24908.216   -77.784476   -18.083792   -206.83726   -8.4323728     29.20435     29.20435     29.20435   -6567.2231 
   21060     300.5933    79.535639   -6645.3576   -6565.8219    24910.265   -160.85718   -109.90081   -160.21246   -212.45827    29.205151    29.205151    29.205151   -6568.3229 
   21070    297.96884    78.841219   -6644.4987   -6565.6574      24912.3   -213.05106   -267.73164   -115.03191   -256.38964    29.205946    29.205946    29.205946   -6568.9702 
   21080    294.74136    77.987242   -6643.4898   -6565.5026    24914.315    -227.6027   -411.90175   -110.25651   -160.64985    29.206733    29.206733    29.206733   -6569.0419 
   21090    291.79757     77.20833   -6642.5473    -6565.339    24916.309   -223.54488   -494.85211   -142.58118   -33.201361    29.207512    29.207512    29.207512   -6568.8154 
   21100    289.96642    76.723814   -6641.8752   -6565.1514    24918.282   -256.30174   -547.86261   -225.16769    4.1250669    29.208283    29.208283    29.208283   -6569.1376 
   21110    290.00838    76.734918   -6641.6659    -6564.931    24920.231   -359.70511   -628.52447   -350.82374   -99.767109    29.209045    29.209045    29.209045   -6570.5258 
   21120    292.33123    77.349534   -6642.0278   -6564.6783    24922.148   -521.73432   -765.57562   -463.57364   -336.05369    29.209794    29.209794    29.209794    -6572.794 
   21130    296.75101    78.518986   -6642.9238   -6564.4048    24924.017    -694.6719   -915.07596   -537.71017   -631.22956    29.210524    29.210524    29.210524   -6575.2114 
   21140    302.27937    79.981765   -6644.1144   -6564.1326    24925.824   -856.25292   -1040.4463   -637.30084   -891.01161     29.21123     29.21123     29.21123   -6577.4537 
   21150    307.09211    81.255195   -6645.1442    -6563.889    24927.555   -1027.1305   -1169.5616   -833.08544   -1078.7443    29.211906    29.211906    29.211906   -6579.8696 
   21160    309.33651    81.849054   -6645.5462   -6563.6972    24929.196   -1193.0543   -1290.0851   -1085.2174   -1203.8604    29.212547    29.212547    29.212547   -6582.2606 
   21170    308.25738    81.563522   -6645.1294   -6563.5658     24930.73   -1292.8192   -1319.7079   -1286.3321   -1272.4176    29.213146    29.213146    29.213146   -6583.6828 
   21180     304.5428    80.580659    -6644.066   -6563.4854    24932.152   -1311.7049   -1256.4742    -1375.423   -1303.2174    29.213701    29.213701    29.213701   -6583.8974 
   21190    299.85173    79.339424   -6642.7725   -6563.4331    24933.457   -1280.3162   -1180.1897   -1345.5274   -1315.2313    29.214211    29.214211    29.214211   -6583.3577 
   21200    296.11408    78.350459   -6641.7338   -6563.3834     24934.65   -1213.4128   -1121.4573    -1247.453    -1271.328    29.214677    29.214677    29.214677   -6582.2677 
   21210    294.58889    77.946899   -6641.2636   -6563.3167    24935.735   -1116.5914   -1055.0589   -1163.2372    -1131.478    29.215101    29.215101    29.215101    -6580.695 
   21220    295.28277    78.130497   -6641.3551   -6563.2247    24936.722   -1037.6071     -989.435   -1145.0159   -978.37025    29.215486    29.215486    29.215486   -6579.3743 
   21230    297.25226    78.651614   -6641.7608   -6563.1092    24937.616    -1040.067   -991.63708   -1195.2287   -933.33507    29.215836    29.215836    29.215836   -6579.2977 
   21240     299.2169    79.171449   -6642.1503   -6562.9789    24938.418   -1109.4147    -1072.242   -1261.5115   -994.49052    29.216149    29.216149    29.216149   -6580.2473 
   21250    300.18508    79.427626   -6642.2705   -6562.8428    24939.122   -1186.7851   -1165.6138    -1289.133   -1105.6084    29.216424    29.216424    29.216424   -6581.3161 
   21260    299.82957    79.333561   -6642.0394   -6562.7058    24939.722   -1240.5664   -1240.1597   -1248.9514   -1232.5879    29.216658    29.216658    29.216658   -6582.0167 
   21270    298.62743    79.015479   -6641.5815    -6562.566    24940.212    -1258.703   -1301.9249   -1139.5294   -1334.6545    29.216849    29.216849    29.216849   -6582.1595 
   21280    297.69487    78.768727   -6641.1856   -6562.4169    24940.592    -1264.915    -1367.087   -1038.0968   -1389.5611    29.216998    29.216998    29.216998   -6582.1074 
   21290    298.13301    78.884658   -6641.1374   -6562.2527     24940.86   -1300.8783   -1440.2868   -1051.2577   -1411.0903    29.217102    29.217102    29.217102   -6582.5033 
   21300     300.4042    79.485604   -6641.5596    -6562.074    24941.014    -1341.151   -1469.2388     -1179.42   -1374.7941    29.217162    29.217162    29.217162   -6582.9517 
   21310     304.0573    80.452199   -6642.3427   -6561.8905     24941.05   -1360.5196   -1435.3978   -1345.3244   -1300.8367    29.217176    29.217176    29.217176   -6583.0697 
   21320    307.89738    81.468266   -6643.1884   -6561.7202    24940.966   -1365.8046   -1384.8224   -1459.8719   -1252.7195    29.217144    29.217144    29.217144   -6582.9815 
   21330    310.14127     82.06199   -6643.6458   -6561.5838    24940.763   -1360.4391   -1375.1194   -1497.0244   -1209.1736    29.217064    29.217064    29.217064   -6582.7615 
   21340    309.26371    81.829791   -6643.3248    -6561.495     24940.44   -1341.5967     -1408.09   -1499.3655   -1117.3344    29.216938    29.216938    29.216938   -6582.3791 
   21350    305.33164    80.789384   -6642.2407   -6561.4513        24940   -1284.7984   -1404.6349   -1459.5774   -990.18286    29.216766    29.216766    29.216766   -6581.4509 
   21360    300.19804    79.431056   -6640.8652   -6561.4341    24939.447   -1162.0499   -1301.7641   -1334.9234   -849.46223    29.216551    29.216551    29.216551   -6579.5226 
   21370    296.34453    78.411434   -6639.8289   -6561.4175    24938.793   -1022.4517   -1167.9938   -1171.5945   -727.76695    29.216295    29.216295    29.216295   -6577.3325 
   21380    295.58449     78.21033   -6639.5906   -6561.3803     24938.05   -948.54728    -1128.122   -1035.9396   -681.58025    29.216005    29.216005    29.216005   -6576.1445 
   21390    298.42368    78.961568   -6640.2759   -6561.3144    24937.222   -964.47515    -1228.184   -950.95844   -714.28301    29.215682    29.215682    29.215682    -6576.326 
   21400    303.64784    80.343856   -6641.5716   -6561.2278    24936.311   -1018.7979   -1391.4154   -920.21491   -744.76331    29.215326    29.215326    29.215326   -6577.0844 
   21410    308.73617    81.690205   -6642.8334   -6561.1432     24935.31   -1075.7086    -1516.876   -945.59747   -764.65237    29.214935    29.214935    29.214935   -6577.8849 
   21420    311.46564    82.412411   -6643.5023   -6561.0899    24934.216    -1105.508   -1523.2579   -972.14146   -821.12471    29.214508    29.214508    29.214508   -6578.2946 
   21430     310.9463    82.274997   -6643.3671   -6561.0921    24933.026   -1049.9688   -1356.9351    -918.0087   -874.96248    29.214043    29.214043    29.214043   -6577.4317 
   21440    307.68439    81.411911   -6642.5716   -6561.1597    24931.745   -904.59939   -1061.6802   -764.19612   -887.92187    29.213542    29.213542    29.213542   -6575.2363 
   21450    303.49651    80.303815   -6641.5915   -6561.2876    24930.385   -753.52569   -777.46319   -590.49133   -892.62254    29.213012    29.213012    29.213012   -6573.0127 
   21460    300.56194    79.527343   -6640.9904   -6561.4631     24928.96   -657.51257   -588.85415   -498.78999   -884.89356    29.212455    29.212455    29.212455   -6571.6936 
   21470    300.14339    79.416595   -6641.0928   -6561.6762    24927.478   -592.04801   -496.49841   -501.59214   -778.05348    29.211876    29.211876    29.211876   -6570.8876 
   21480    301.92902    79.889065   -6641.8163   -6561.9273    24925.945   -532.83635   -493.05382   -554.92702   -550.52821    29.211277    29.211277    29.211277   -6570.2169 
   21490    304.08553    80.459668   -6642.6848   -6562.2251    24924.366   -469.17385   -530.81057   -604.58308   -272.12792     29.21066     29.21066     29.21066   -6569.5239 
   21500    304.59463    80.594374   -6643.1711   -6562.5767    24922.747   -374.55175   -518.62099    -577.5476   -27.486656    29.210028    29.210028    29.210028    -6568.403 
   21510    302.62559    80.073375   -6643.0481   -6562.9748    24921.097   -253.42492   -433.28183   -454.55205    127.55912    29.209383    29.209383    29.209383   -6566.9167 
   21520    298.87598    79.081244   -6642.4754   -6563.3941    24919.425   -110.62415   -278.06619   -264.13942    210.33317     29.20873     29.20873     29.20873   -6565.1147 
   21530     295.0746    78.075416    -6641.876   -6563.8006    24917.745    41.252058   -64.277361   -75.762824    263.79636    29.208074    29.208074    29.208074    -6563.159 
   21540    292.99101    77.524108   -6641.6901    -6564.166     24916.07    138.02356    131.71045    20.437319    261.92292    29.207419    29.207419    29.207419   -6562.0195 
   21550    293.29558    77.604695   -6642.0831   -6564.4784    24914.407    139.57321    218.14386    12.741494    187.83429    29.206769    29.206769    29.206769    -6562.308 
   21560    295.27529    78.128518   -6642.8697   -6564.7412    24912.757    103.93983    192.63913   -11.539643    130.71999    29.206124    29.206124    29.206124    -6563.125 
   21570     297.6468    78.756008   -6643.7229   -6564.9669    24911.118    98.735879    108.08583    33.465569    154.65624    29.205484    29.205484    29.205484   -6563.4317 
   21580    299.34798    79.206134   -6644.3754   -6565.1693    24909.488    151.80063    58.018841    146.82436    250.55867    29.204847    29.204847    29.204847   -6562.8092 
   21590    299.88017    79.346949   -6644.7052   -6565.3582    24907.874    240.62644    99.104711    246.37466    376.39994    29.204216    29.204216    29.204216   -6561.6174 
   21600    299.40788    79.221984   -6644.7594   -6565.5375    24906.281    313.78918    170.19582    277.01929    494.15243    29.203594    29.203594    29.203594   -6560.6595 
   21610    298.43125    78.963571   -6644.6695   -6565.7059    24904.717    368.34195    228.70881     265.6506    610.66645    29.202982    29.202982    29.202982   -6559.9803 
   21620    297.16787    78.629286   -6644.4892   -6565.8599    24903.187    430.53329    305.22462    246.91423    739.46102    29.202384    29.202384    29.202384    -6559.168 
   21630    295.53645    78.197619   -6644.1917    -6565.994    24901.695    507.08025    417.69114    275.03106    828.51856    29.201801    29.201801    29.201801   -6558.1128 
   21640    293.79004    77.735529   -6643.8369   -6566.1013    24900.249    593.47221    554.06171    403.01089    823.34402    29.201236    29.201236    29.201236   -6556.8779 
   21650     292.8007    77.473754   -6643.6488    -6566.175    24898.855    651.20185    653.62789     584.2902    715.68746    29.200691    29.200691    29.200691   -6556.0549 
   21660    293.47625    77.652499   -6643.8644   -6566.2119     24897.52    673.43464    694.22613     749.5538      576.524    29.200169    29.200169    29.200169   -6555.7469 
   21670     295.9301    78.301778    -6644.518   -6566.2162    24896.244    702.72126    721.83128    873.21552    513.11697     29.19967     29.19967     29.19967   -6555.2966 
   21680     298.8399    79.071697   -6645.2712   -6566.1995    24895.031    772.56147    765.30514    973.22044    579.15883    29.199196    29.199196    29.199196   -6554.1953 
   21690    299.99503    79.377339   -6645.5523    -6566.175    24893.887    871.02074    822.56383    1066.1615    724.33686    29.198748    29.198748    29.198748   -6552.6414 
   21700    298.20564    78.903877   -6645.0517   -6566.1478     24892.82    963.51916    906.31676    1119.8927    864.34806    29.198331    29.198331    29.198331   -6551.1777 
   21710    294.34726    77.882965   -6643.9919    -6566.109    24891.838    1065.8275    1040.1718     1152.637    1004.6736    29.197947    29.197947    29.197947     -6549.55 
   21720    290.81171    76.947475   -6642.9862   -6566.0387     24890.95     1192.423    1188.6029    1210.4249    1178.2412      29.1976      29.1976      29.1976   -6547.5136 
   21730    289.73699     76.66311   -6642.5803   -6565.9172    24890.167     1317.371    1303.0266    1288.6824    1360.4041    29.197294    29.197294    29.197294   -6545.4516 
   21740    291.52362    77.135842   -6642.8691   -6565.7333      24889.5     1418.525    1374.9548    1365.8957    1514.7246    29.197033    29.197033    29.197033   -6543.6967 
   21750    295.04372    78.067245   -6643.5551   -6565.4879    24888.958    1469.5548    1391.2924    1409.3201    1608.0519    29.196821    29.196821    29.196821   -6542.6591 
   21760    298.84081    79.071939   -6644.2651   -6565.1931    24888.544    1473.8503    1347.0446    1426.7459    1647.7603    29.196659    29.196659    29.196659    -6542.298 
   21770    301.82313    79.861047   -6644.7287   -6564.8677     24888.26    1444.2316    1249.1115     1433.994    1649.5893    29.196548    29.196548    29.196548    -6542.433 
   21780    303.42336    80.284461   -6644.8154   -6564.5309    24888.102    1403.1085    1142.6963    1457.9295    1608.6998    29.196487    29.196487    29.196487   -6542.7352 
   21790    303.54458    80.316535   -6644.5141   -6564.1976    24888.067    1370.6997    1101.4318     1495.066    1515.6014    29.196473    29.196473    29.196473   -6542.9053 
   21800    302.45592    80.028481   -6643.9035    -6563.875    24888.153    1364.2509    1153.9429    1527.8966    1410.9131    29.196507    29.196507    29.196507   -6542.6828 
   21810    300.73152    79.572212   -6643.1352    -6563.563    24888.359    1379.6816    1240.2841    1534.8289    1363.9318    29.196587    29.196587    29.196587   -6542.1309 
   21820    299.22179    79.172744   -6642.4299   -6563.2572    24888.686    1408.8381    1280.2513     1520.458    1425.8051    29.196715    29.196715    29.196715   -6541.3719 
   21830    298.91678     79.09204   -6642.0455   -6562.9535    24889.136    1456.5742    1250.8986    1522.7953    1596.0288    29.196891    29.196891    29.196891   -6540.3262 
   21840    300.30667    79.459799   -6642.1135   -6562.6537    24889.714    1514.7181    1210.8919    1557.8147    1775.4477    29.197117    29.197117    29.197117   -6539.1227 
   21850    302.71788    80.097793   -6642.4657   -6562.3679    24890.424    1567.3177     1247.529    1593.9657    1860.4585    29.197395    29.197395    29.197395    -6538.019 
   21860    304.72519    80.628919   -6642.7403   -6562.1114    24891.272    1610.0665    1371.5958    1622.0217     1836.582    29.197726    29.197726    29.197726   -6537.0975 
   21870    305.29614    80.779991   -6642.6766   -6561.8966    24892.261    1628.3098    1494.5373    1655.1976    1735.1945    29.198113    29.198113    29.198113   -6536.5983 
   21880    304.39066    80.540404   -6642.2673   -6561.7268    24893.391    1608.5595    1550.2266    1664.9626    1610.4894    29.198555    29.198555    29.198555   -6536.7343 
   21890     302.7126    80.096396   -6641.6922   -6561.5958    24894.662    1572.7086    1559.0676    1613.4057    1545.6524    29.199052    29.199052    29.199052    -6537.159 
   21900    301.08785    79.666495    -6641.159   -6561.4925    24896.071    1549.8415    1554.9098    1520.3023    1574.3124    29.199602    29.199602    29.199602   -6537.4096 
   21910    300.18692    79.428112   -6640.8347   -6561.4066    24897.615    1517.3257    1526.7304    1404.8826    1620.3641    29.200206    29.200206    29.200206   -6537.8275 
   21920    300.20753    79.433567   -6640.7657   -6561.3322    24899.292    1418.7138    1436.8371    1238.7624    1580.5419    29.200862    29.200862    29.200862   -6539.2841 
   21930    300.67315    79.556766   -6640.8247   -6561.2679    24901.092    1234.4212    1283.4441    1014.5693    1405.2503    29.201565    29.201565    29.201565   -6542.0825 
   21940     301.0896     79.66696   -6640.8818   -6561.2148    24902.999     1003.055    1119.3871    785.50619    1104.2716    29.202311    29.202311    29.202311   -6545.6241 
   21950     301.3939    79.747476   -6640.9213   -6561.1738    24904.994    786.19574    985.49629    610.69503     762.3959     29.20309     29.20309     29.20309   -6548.9528 
   21960    301.93685    79.891138   -6641.0363   -6561.1451    24907.057     610.4972    841.94949    483.02004    506.52207    29.203897    29.203897    29.203897   -6551.6545 
   21970    303.19326    80.223579   -6641.3538   -6561.1302    24909.174    468.95262    638.98828     373.3156    394.55399    29.204724    29.204724    29.204724   -6553.8394 
   21980    305.24797    80.767245    -6641.901   -6561.1337    24911.332    324.23812    365.19474    256.98488    350.53473    29.205568    29.205568    29.205568   -6556.0923 
   21990    307.64362    81.401122   -6642.5645   -6561.1634    24913.517    144.93382    45.826398     101.0056    287.96946    29.206421    29.206421    29.206421   -6558.9097 
   22000    309.51887    81.897305   -6643.1249   -6561.2276    24915.714   -65.519524   -256.02903   -106.14791    165.61837     29.20728     29.20728     29.20728   -6562.2465 
   22010    309.90779    82.000213   -6643.3312    -6561.331    24917.905   -249.69853   -455.44177   -298.50222    4.8483958    29.208136    29.208136    29.208136   -6565.2145 
   22020    308.46611    81.618751   -6643.0885   -6561.4698    24920.074   -367.67453   -527.87126   -425.91596   -149.23637    29.208984    29.208984    29.208984   -6567.1885 
   22030    305.82551     80.92006   -6642.5517   -6561.6316    24922.211   -430.71881   -507.92973   -507.15813   -277.06857    29.209818    29.209818    29.209818   -6568.3315 
   22040    303.07296    80.191746    -6641.992   -6561.8003    24924.309   -453.36845   -447.14071   -552.76319   -360.20147    29.210638    29.210638    29.210638   -6568.8531 
   22050    301.26024     79.71211   -6641.6743   -6561.9622    24926.367   -482.47723   -423.05993   -597.40645   -426.96529    29.211442    29.211442    29.211442   -6569.4685 
   22060    301.00111    79.643545   -6641.7541   -6562.1106    24928.382   -586.30131   -503.14801   -711.03117   -544.72474    29.212229    29.212229    29.212229   -6571.2329 
   22070    302.12026    79.939667   -6642.1871   -6562.2474    24930.344   -766.20308   -686.29509   -895.14863   -717.16553    29.212995    29.212995    29.212995   -6574.1697 
   22080    303.53189    80.313178   -6642.6935   -6562.3803    24932.238   -956.32659   -914.65348   -1064.6861   -889.64017    29.213735    29.213735    29.213735   -6577.2622 
   22090    303.92134    80.416224   -6642.9333    -6562.517    24934.048   -1102.0053   -1133.9707   -1155.7282    -1016.317    29.214442    29.214442    29.214442   -6579.6671 
   22100    302.55822    80.055549   -6642.7148   -6562.6593     24935.76   -1186.0361    -1278.029   -1186.9256   -1093.1537    29.215111    29.215111    29.215111   -6581.1184 
   22110    299.63039    79.280857   -6642.0805   -6562.7996    24937.369   -1228.2085   -1316.8669   -1217.7384   -1150.0204    29.215739    29.215739    29.215739   -6581.9163 
   22120    296.60993    78.481657   -6641.4064   -6562.9247    24938.869   -1278.0961   -1326.4816   -1292.6578   -1215.1488    29.216325    29.216325    29.216325   -6582.8191 
   22130    295.56006    78.203867    -6641.227   -6563.0231    24940.256   -1364.1846   -1388.5623   -1404.0571   -1299.9344    29.216866    29.216866    29.216866   -6584.2587 
   22140    297.48127    78.712209   -6641.8063   -6563.0941    24941.522   -1465.1552    -1505.791   -1496.4309   -1393.2438    29.217361    29.217361    29.217361   -6585.9026 
   22150    301.28809    79.719477   -6642.8693   -6563.1498    24942.659    -1558.602   -1647.5547   -1540.2707   -1487.9807    29.217805    29.217805    29.217805   -6587.4141 
   22160    304.51371    80.572962   -6643.7827   -6563.2098    24943.659   -1623.7407   -1764.1739   -1539.3214   -1567.7267    29.218195    29.218195    29.218195   -6588.4892 
   22170    305.26479    80.771694   -6644.0618   -6563.2901    24944.516   -1674.9184   -1840.0121   -1535.6075   -1649.1356     29.21853     29.21853     29.21853   -6589.3671 
   22180     303.5219    80.310535   -6643.7045    -6563.394    24945.225   -1715.6648   -1847.1629    -1555.814   -1744.0176    29.218807    29.218807    29.218807   -6590.1062 
   22190    300.54001    79.521539   -6643.0337   -6563.5121    24945.784   -1728.4814   -1763.7343   -1586.8414   -1834.8685    29.219025    29.219025    29.219025   -6590.4245 
   22200    297.84022    78.807186   -6642.4369   -6563.6297     24946.19   -1711.0061   -1643.9418   -1602.1936    -1886.883    29.219184    29.219184    29.219184   -6590.2704 
   22210    296.45162    78.439768   -6642.1739   -6563.7341    24946.446   -1685.8238   -1591.2778   -1603.8346    -1862.359    29.219284    29.219284    29.219284    -6589.983 
   22220     296.3916    78.423888   -6642.2435   -6563.8196    24946.554   -1657.4199   -1641.9128   -1589.9583   -1740.3887    29.219326    29.219326    29.219326   -6589.6264 
   22230    296.91669    78.562826   -6642.4494   -6563.8866    24946.516   -1629.2652   -1739.2822    -1573.042   -1575.4714    29.219311    29.219311    29.219311   -6589.2549 
   22240    297.07641    78.605086   -6642.5428   -6563.9377    24946.335   -1599.4421    -1787.086   -1563.0857   -1448.1545     29.21924     29.21924     29.21924   -6588.8415 
   22250    296.23848    78.383373   -6642.3572   -6563.9738    24946.013   -1556.5137   -1747.8302    -1544.626   -1377.0848    29.219114    29.219114    29.219114   -6588.2088 
   22260    294.75062    77.989692   -6641.9801   -6563.9904    24945.555   -1498.4677   -1646.6783   -1504.2767    -1344.448    29.218935    29.218935    29.218935   -6587.3213 
   22270    293.84861    77.751026   -6641.7312   -6563.9802    24944.964   -1457.6949   -1555.7878   -1463.1724   -1354.1246    29.218705    29.218705    29.218705   -6586.6757 
   22280    294.83994    78.013326   -6641.9509   -6563.9376    24944.246   -1448.3177   -1524.2761   -1429.4254   -1391.2517    29.218424    29.218424    29.218424   -6586.4864 
   22290    297.90698     78.82485   -6642.6894   -6563.8645    24943.401   -1450.8514    -1545.411   -1396.3699   -1410.7732    29.218094    29.218094    29.218094    -6586.452 
   22300    301.69315    79.826655   -6643.5988   -6563.7721    24942.428   -1450.2459   -1607.7875   -1374.5212   -1368.4288    29.217715    29.217715    29.217715   -6586.3493 
   22310     304.1944    80.488474   -6644.1647   -6563.6763    24941.328     -1449.83   -1678.3166   -1385.1211   -1286.0524    29.217285    29.217285    29.217285    -6586.246 
   22320    304.15248    80.477384    -6644.066   -6563.5886    24940.102   -1447.0558   -1704.2411   -1411.5912    -1225.335    29.216806    29.216806    29.216806    -6586.114 
   22330    302.05413    79.922169   -6643.4315   -6563.5093    24938.749   -1405.4436   -1630.4683   -1393.7027   -1192.1598    29.216278    29.216278    29.216278   -6585.3858 
   22340    299.56944    79.264732   -6642.6917   -6563.4269    24937.273   -1306.3912   -1460.0234   -1309.3344   -1149.8158    29.215702    29.215702    29.215702   -6583.7604 
   22350    298.21182    78.905511   -6642.2303   -6563.3248    24935.683     -1175.23   -1254.4307   -1177.8953   -1093.3641    29.215081    29.215081    29.215081   -6581.6156 
   22360     298.6387    79.018462   -6642.2067   -6563.1882    24933.991   -1050.9407   -1082.1551   -1030.9786   -1039.6883     29.21442     29.21442     29.21442   -6579.5436 
   22370    300.40224    79.485087   -6642.4941   -6563.0091    24932.208    -919.7008   -954.40574   -867.02937   -937.66727    29.213723    29.213723    29.213723   -6577.3209 
   22380    302.21698    79.965258   -6642.7521   -6562.7869    24930.344   -751.05736   -842.16414   -679.33422   -731.67373    29.212995    29.212995    29.212995   -6574.4736 
   22390    302.99648     80.17151   -6642.6979   -6562.5264    24928.416    -571.5766    -739.9609   -518.32602   -456.44288    29.212242    29.212242    29.212242   -6571.4197 
   22400    302.55597    80.054952    -6642.288    -6562.233    24926.438   -427.94443   -645.42578   -431.89821    -206.5093     29.21147     29.21147     29.21147   -6568.8909 
   22410    301.57659    79.795812   -6641.7055   -6561.9097    24924.423   -307.38916   -510.41484   -379.04359   -32.709066    29.210682    29.210682    29.210682   -6566.6916 
   22420    300.96041    79.632776   -6641.1913   -6561.5586    24922.382   -180.92278   -314.93013   -285.37766     57.53944    29.209885    29.209885    29.209885   -6564.3729 
   22430    301.35389    79.736889   -6640.9219    -6561.185    24920.326   -41.502021   -86.070676   -123.74624     85.31085    29.209082    29.209082    29.209082   -6561.8305 
   22440    302.91991    80.151249   -6640.9517   -6560.8005    24918.268    77.596217    113.11065    59.856999    59.821005    29.208278    29.208278    29.208278   -6559.5937 
   22450    305.33834    80.791156   -6641.2141    -6560.423    24916.217    164.89368    245.77135     208.1064    40.803294    29.207476    29.207476    29.207476   -6557.8586 
   22460    308.06852    81.513549   -6641.5873   -6560.0738    24914.182    241.22641    325.32764    277.50323    120.84837    29.206681    29.206681    29.206681   -6556.3227 
   22470    310.66009    82.199268   -6641.9724   -6559.7731    24912.168    325.27977    365.57756    290.50415     319.7576    29.205894    29.205894    29.205894   -6554.7153 
   22480    312.85178    82.779179   -6642.3162   -6559.5371    24910.185    437.23287    377.94536    327.38984    606.36341    29.205119    29.205119    29.205119   -6552.7391 
   22490    314.14403    83.121102   -6642.4977   -6559.3766    24908.241    576.55217     416.1148       421.49    892.05172    29.204359    29.204359    29.204359   -6550.4133 
   22500    313.67405    82.996749   -6642.2932   -6559.2964    24906.348    726.11625    506.62167    562.20361    1109.5235     29.20362     29.20362     29.20362   -6548.0087 
   22510    311.03659    82.298888   -6641.5902   -6559.2913    24904.521    881.86882     658.4896    735.49271    1251.6242    29.202905    29.202905    29.202905   -6545.5834 
   22520    307.12821    81.264747   -6640.6103   -6559.3455    24902.771     1053.734    870.83693    930.74239    1359.6227    29.202222    29.202222    29.202222   -6542.9672 
   22530    303.66932    80.349541   -6639.7875   -6559.4379    24901.115    1212.7722    1086.8098    1109.3317    1442.1751    29.201574    29.201574    29.201574    -6540.589 
   22540    302.17591    79.954391   -6639.5058   -6559.5514    24899.566    1328.5162    1262.4737    1245.5986    1477.4762    29.200969    29.200969    29.200969   -6538.9048 
   22550    303.10961    80.201443   -6639.8815     -6559.68    24898.134    1422.3867    1411.6223    1366.2888     1489.249    29.200409    29.200409    29.200409   -6537.5759 
   22560    305.44945    80.820554   -6640.6508   -6559.8302    24896.827    1510.8605     1529.146    1486.1964    1517.2391    29.199898    29.199898    29.199898   -6536.3524 
   22570     307.2928    81.308297   -6641.3237   -6560.0154    24895.653    1594.1762    1615.0462    1590.0459    1577.4366    29.199439    29.199439    29.199439   -6535.2441 
   22580    307.30575    81.311722   -6641.5575   -6560.2458     24894.62    1652.5791    1672.7826    1654.0354    1630.9191    29.199035    29.199035    29.199035    -6534.568 
   22590    305.58215    80.855668   -6641.3766   -6560.5209    24893.731    1656.7244    1670.8724    1656.8904    1642.4104    29.198687    29.198687    29.198687   -6534.7796 
   22600    303.39984    80.278236   -6641.1079   -6560.8297    24892.988    1622.2563    1593.1294     1621.891    1651.7487    29.198397    29.198397    29.198397   -6535.6247 
   22610    302.03167    79.916225    -6641.074   -6561.1578    24892.387    1617.5354    1520.8275     1600.894    1730.8846    29.198162    29.198162    29.198162   -6536.0268 
   22620    301.60375       79.803   -6641.2967   -6561.4937    24891.929    1656.1627    1527.2032    1598.5644    1842.7205    29.197983    29.197983    29.197983    -6535.763 
   22630    301.25295    79.710181   -6641.5391   -6561.8289    24891.616     1656.772    1560.9945    1572.0599    1837.2616    29.197861    29.197861    29.197861   -6536.0891 
   22640    300.39946    79.484351   -6641.6392   -6562.1549    24891.448    1606.8363    1560.7369    1545.6501    1714.1219    29.197795    29.197795    29.197795    -6537.191 
   22650    299.38806    79.216739   -6641.6781   -6562.4614    24891.422    1578.3192    1521.7321    1571.5548    1641.6706    29.197785    29.197785    29.197785   -6537.9406 
   22660    299.08173    79.135685   -6641.8761   -6562.7404    24891.534    1563.2685    1451.4706    1577.9931    1660.3418    29.197828    29.197828    29.197828   -6538.4533 
   22670    300.09147    79.402856   -6642.3928   -6562.9899    24891.782    1491.0117    1340.4943    1479.1112    1653.4296    29.197926    29.197926    29.197926   -6539.8252 
   22680    302.09094     79.93191   -6643.1477   -6563.2158    24892.161    1379.0539    1221.6575    1318.9573    1596.5469    29.198074    29.198074    29.198074   -6541.7902 
   22690    303.93769    80.420551   -6643.8486   -6563.4281    24892.661    1273.3892    1133.0062    1156.3961    1530.7652    29.198269    29.198269    29.198269   -6543.6437 
   22700    304.37586    80.536489   -6644.1711   -6563.6346    24893.273    1166.9989    1050.3833    1026.0137    1424.5997    29.198509    29.198509    29.198509   -6545.5027 
   22710    302.85836    80.134965   -6643.9702   -6563.8352    24893.987    1057.1452     954.2355     967.2191    1249.9809    29.198788    29.198788    29.198788   -6547.4097 
   22720    299.96485    79.369354   -6643.3904   -6564.0211    24894.794    985.42866    866.94423    999.30311    1090.0386    29.199103    29.199103    29.199103   -6548.7094 
   22730    297.11501    78.615301   -6642.7949   -6564.1796    24895.687    971.28851    806.45016    1073.7879    1033.6275    29.199452    29.199452    29.199452   -6549.0871 
   22740    295.73466    78.250065   -6642.5522   -6564.3022    24896.666    971.66786    751.95729    1114.7481    1048.2982    29.199835    29.199835    29.199835   -6549.2031 
   22750    296.39495    78.424774   -6642.8133   -6564.3885     24897.73    915.25003    679.24646     1049.198    1017.3056    29.200251    29.200251    29.200251   -6550.1656 
   22760    298.78037    79.055945   -6643.5035   -6564.4476    24898.873    783.67064    596.60538    867.91862     886.4879    29.200698    29.200698    29.200698   -6552.2688 
   22770    301.81879    79.859898   -6644.3545   -6564.4946    24900.084    631.00485    507.46491    671.56551    713.98412    29.201171    29.201171    29.201171   -6554.6879 
   22780    303.90099    80.410839   -6644.9566   -6564.5457    24901.352    505.73579    402.88161    545.06429    569.26148    29.201667    29.201667    29.201667   -6556.6855 
   22790    303.65412    80.345519   -6644.9562   -6564.6107    24902.663     437.7683    317.32578    507.72073    488.25839    29.202179    29.202179    29.202179   -6557.8065 
   22800    300.72758    79.571168   -6644.2578   -6564.6867    24904.014    414.51373    265.76892    531.94719    445.82508    29.202707    29.202707    29.202707   -6558.2435 
   22810    296.28591    78.395922   -6643.1542   -6564.7583      24905.4    385.93225     224.8369    541.50475    391.45508    29.203249    29.203249    29.203249   -6558.7591 
   22820    292.56496    77.411378   -6642.2168   -6564.8055     24906.82    326.39225    187.77986    462.37323    329.02367    29.203804    29.203804    29.203804   -6559.7315 
   22830    291.54502    77.141505   -6641.9549   -6564.8134    24908.268    223.89467    124.85043     281.3048    265.52879     29.20437     29.20437     29.20437   -6561.3326 
   22840    293.72459    77.718211   -6642.4982     -6564.78    24909.736    92.166475    33.264036    51.227596    192.00779    29.204944    29.204944    29.204944    -6563.347 
   22850    297.80424    78.797667   -6643.5143   -6564.7166    24911.211   -54.230432   -64.049362   -173.13418    74.492242     29.20552     29.20552     29.20552   -6565.5598 
   22860    301.50268    79.776259   -6644.4192    -6564.643    24912.682   -194.99309   -141.87422   -358.12681   -84.978236    29.206095    29.206095    29.206095    -6567.675 
   22870    303.16504    80.216111   -6644.7935   -6564.5774    24914.136   -303.77235   -191.84719   -475.31804   -244.15183    29.206663    29.206663    29.206663   -6569.3011 
   22880    302.74324    80.104503   -6644.6332   -6564.5287    24915.563   -371.10606   -229.05096   -519.94706   -364.32016    29.207221    29.207221    29.207221   -6570.2998 
   22890    301.33317    79.731405   -6644.2261   -6564.4947    24916.957   -416.99536   -274.07677   -530.78959   -446.11973    29.207766    29.207766    29.207766   -6570.9798 
   22900    300.18155    79.426692   -6643.8949   -6564.4682    24918.315   -457.27528   -348.22716    -524.3129   -499.28578    29.208296    29.208296    29.208296   -6571.5801 
   22910    299.84593    79.337888    -6643.781   -6564.4431    24919.633   -502.49015   -433.72304   -528.03815   -545.70925    29.208811    29.208811    29.208811   -6572.2587 
   22920    300.06007    79.394548   -6643.8116   -6564.4171    24920.906   -558.27492   -484.45013   -577.50082   -612.87383    29.209309    29.209309    29.209309   -6573.1007 
   22930    299.99468    79.377248   -6643.7677   -6564.3905     24922.13   -596.81286   -497.63816   -641.03145   -651.76897    29.209787    29.209787    29.209787    -6573.674 
   22940    298.75867    79.050206   -6643.4122    -6564.362    24923.302   -614.48817   -540.78514   -695.84284   -606.83653    29.210245    29.210245    29.210245    -6573.921 
   22950    296.35121    78.413203   -6642.7379   -6564.3247     24924.42   -619.29394   -624.75681   -734.77842   -498.34659    29.210682    29.210682    29.210682   -6573.9588 
   22960    293.84332    77.749624   -6642.0147   -6564.2651    24925.484   -600.36114   -686.76149   -730.87747   -383.44448    29.211097    29.211097    29.211097   -6573.6051 
   22970    292.76967    77.465542   -6641.6332   -6564.1677    24926.495   -564.60287   -697.41283   -673.99449   -322.40129    29.211492    29.211492    29.211492   -6572.9517 
   22980     294.0315    77.799416   -6641.8199   -6564.0205    24927.456   -557.06468   -683.59871   -610.90656   -376.68877    29.211867    29.211867    29.211867   -6572.6876 
   22990    297.09812     78.61083   -6642.4304   -6563.8196    24928.368   -607.24248   -677.37014     -592.414    -551.9433    29.212224    29.212224    29.212224   -6573.2677 
   23000    300.42123    79.490112   -6643.0589   -6563.5688    24929.226    -682.0657   -681.13765   -596.14729   -768.91215    29.212559    29.212559    29.212559   -6574.1815 
   23010    302.32642    79.994215   -6643.2706   -6563.2764    24930.025   -746.17496   -703.37318   -593.65025   -941.50144    29.212871    29.212871    29.212871    -6574.887 
   23020    302.03762      79.9178   -6642.8653   -6562.9475    24930.758   -789.74212   -778.11727    -613.0896    -978.0195    29.213157    29.213157    29.213157   -6575.2363 
   23030     300.3095    79.460547   -6642.0403   -6562.5797    24931.421   -820.29079   -906.84815   -695.58322   -858.44101    29.213416    29.213416    29.213416   -6575.3443 
   23040    298.77605    79.054804   -6641.2204   -6562.1656    24932.013   -834.16324   -1018.4481   -801.11554   -682.92606    29.213647    29.213647    29.213647   -6575.1463 
   23050     298.9376     79.09755   -6640.7994   -6561.7019    24932.531    -862.2967   -1090.2195   -871.18354   -625.48706     29.21385     29.21385     29.21385   -6575.1206 
   23060    301.50487    79.776838   -6640.9772   -6561.2003    24932.973   -934.91229   -1137.2439   -888.19124   -779.30172    29.214022    29.214022    29.214022   -6575.7494 
   23070    305.82504    80.919936   -6641.6133   -6560.6934    24933.333   -1018.9672   -1136.6459    -855.6736    -1064.582    29.214163    29.214163    29.214163   -6576.5507 
   23080    310.03771    82.034589   -6642.2618   -6560.2273    24933.604   -1090.5828   -1107.5931   -823.54523   -1340.6101    29.214269    29.214269    29.214269   -6577.1993 
   23090    312.16955    82.598663   -6642.4417    -6559.843    24933.779    -1137.708   -1083.4799   -849.09578   -1480.5483    29.214337    29.214337    29.214337   -6577.5486 
   23100    311.63965    82.458454   -6642.0178   -6559.5593    24933.854   -1130.1624   -1075.1019   -907.76058   -1407.6246    29.214366    29.214366    29.214366   -6577.1474 
   23110    309.56603    81.909785   -6641.2791   -6559.3693    24933.831   -1064.6085   -1091.3371   -946.23127   -1156.2572    29.214357    29.214357    29.214357   -6575.9373 
   23120    307.50062    81.363287   -6640.6163    -6559.253    24933.714   -989.92919   -1119.3461     -971.437   -879.00448    29.214312    29.214312    29.214312   -6574.6587 
   23130    306.67326    81.144369   -6640.3348   -6559.1904     24933.51   -912.32974   -1088.9897   -966.29896   -681.70055    29.214232    29.214232    29.214232   -6573.3883 
   23140    307.55724    81.378267   -6640.5488   -6559.1705    24933.226   -823.77174   -989.73573   -877.11721   -604.46228    29.214121    29.214121    29.214121   -6571.9901 
   23150    309.47047    81.884499   -6641.0768   -6559.1923     24932.87   -753.66369   -907.82132   -706.40018   -646.76956    29.213982    29.213982    29.213982   -6570.9207 
   23160    311.00762    82.291223   -6641.5516   -6559.2604    24932.448   -701.76997    -874.9475    -501.2373    -729.1251    29.213817    29.213817    29.213817   -6570.1811 
   23170    310.83138     82.24459   -6641.6219   -6559.3773    24931.964   -616.29251   -816.28894   -310.86064   -721.72794    29.213628    29.213628    29.213628   -6568.9676 
   23180    308.50648    81.629432   -6641.1652   -6559.5357    24931.427    -493.1688   -693.54316   -179.31558   -606.64766    29.213418    29.213418    29.213418   -6567.2099 
   23190    304.80817    80.650874   -6640.3693   -6559.7184    24930.847   -378.53058   -540.13808   -127.83139   -467.62228    29.213192    29.213192    29.213192   -6565.6086 
   23200    301.12808     79.67714   -6639.5807   -6559.9035    24930.233   -293.91052   -372.31755   -146.04764   -363.36636    29.212952    29.212952    29.212952   -6564.4769 
   23210    298.82768    79.068465   -6639.1417   -6560.0732    24929.594   -214.35485   -194.40853   -164.85406   -283.80196    29.212702    29.212702    29.212702   -6563.4085 
   23220    298.72123    79.040297   -6639.2597   -6560.2194    24928.936   -161.01686   -63.141585   -165.86121   -254.04779    29.212445    29.212445    29.212445   -6562.7248 
   23230    300.49082    79.508524   -6639.8541   -6560.3455    24928.263    -137.9647    -26.72284   -137.93551   -249.23577    29.212183    29.212183    29.212183   -6562.4921 
   23240    302.71178    80.096179    -6640.559   -6560.4628    24927.579   -142.24199   -124.40989   -107.13664   -195.17943    29.211915    29.211915    29.211915   -6562.6759 
   23250    303.81134    80.387118   -6640.9701    -6560.583    24926.882    -169.2315   -321.50822   -106.77561   -79.410671    29.211643    29.211643    29.211643   -6563.2159 
   23260    303.43163    80.286648   -6640.9978   -6560.7111    24926.171   -187.08342   -505.49748   -112.52171    56.768919    29.211365    29.211365    29.211365   -6563.6217 
   23270    302.63341    80.075443   -6640.9209   -6560.8455    24925.444   -211.44458   -579.70912   -156.29497    101.67035    29.211081    29.211081    29.211081    -6564.135 
   23280    302.85165    80.133189   -6641.1162    -6560.983    24924.697   -293.23598   -550.89294     -288.485   -40.329999     29.21079     29.21079     29.21079   -6565.5448 
   23290    304.88587    80.671434   -6641.7977   -6561.1263    24923.925   -411.12138    -486.0507   -460.88202   -286.43142    29.210488    29.210488    29.210488   -6567.5218 
   23300    308.35711    81.589908   -6642.8767   -6561.2868    24923.117   -504.31437   -441.14847   -584.12496   -487.66968    29.210172    29.210172    29.210172   -6569.1318 
   23310    311.45955    82.410801   -6643.8927   -6561.4819    24922.266   -560.20735   -461.51078    -642.4358   -576.67547     29.20984     29.20984     29.20984    -6570.196 
   23320    311.93796    82.537386   -6644.2608   -6561.7234    24921.365   -572.38322   -519.41685   -665.84433   -531.88847    29.209488    29.209488    29.209488   -6570.6267 
   23330    308.85097    81.720583   -6643.7266   -6562.0061    24920.416   -515.57425   -510.45555   -667.40818   -368.85903    29.209117    29.209117    29.209117   -6570.0253 
   23340    303.34726    80.264326   -6642.5686   -6562.3043    24919.421   -380.14934   -387.46354   -602.07101   -150.91348    29.208728    29.208728    29.208728   -6568.2169 
   23350    297.90734    78.824946   -6641.4091   -6562.5841    24918.394   -211.44118   -207.95369   -448.02094    21.651093    29.208327    29.208327    29.208327   -6565.8726 
   23360    294.85478    78.017252   -6640.8368   -6562.8196    24917.349   -80.126581   -61.599555   -266.31741    87.537223    29.207919    29.207919    29.207919   -6564.0657 
   23370    294.95667    78.044212   -6641.0465   -6563.0023    24916.296   -8.7699781   -12.635912   -108.95068    95.276656    29.207507    29.207507    29.207507   -6563.1387 
   23380    297.22455    78.644284   -6641.7842   -6563.1399    24915.242    22.706696    -66.76571    31.727742    103.15806    29.207095    29.207095    29.207095   -6562.7868 
   23390    299.98686    79.375178    -6642.624   -6563.2489     24914.19    20.371338   -178.06715    133.38087     105.8003    29.206685    29.206685    29.206685   -6562.9321 
   23400    301.90835    79.883596   -6643.2292   -6563.3456    24913.141   -1.8478737     -272.322    154.74347    112.03491    29.206274    29.206274    29.206274   -6563.3744 
   23410    302.61404    80.070317   -6643.5116   -6563.4413    24912.091   -1.2354298   -265.40683    122.57495    139.12558    29.205864    29.205864    29.205864   -6563.4605 
   23420    302.74644     80.10535   -6643.6456   -6563.5402    24911.042    41.511355   -133.94577    75.067071    183.41277    29.205454    29.205454    29.205454   -6562.8948 
   23430    303.14798    80.211597   -6643.8555   -6563.6439    24909.997    90.792053    51.934468    16.433246    204.00845    29.205046    29.205046    29.205046   -6562.2323 
   23440    303.91251    80.413888   -6644.1689    -6563.755     24908.96    142.30565    229.09395    10.507777    187.31524    29.204641    29.204641    29.204641   -6561.5426 
   23450    304.26912    80.508245   -6644.3853    -6563.877    24907.936    211.95706    350.66757    116.96624    168.23738     29.20424     29.20424     29.20424   -6560.5819 
   23460    302.97144    80.164884   -6644.1754   -6564.0105    24906.931    274.95114    367.46581    290.44915    166.93846    29.203847    29.203847    29.203847   -6559.7362 
   23470    299.32342    79.199634   -6643.3465   -6564.1469     24905.95    328.76744    304.44817    478.80821    203.04592    29.203464    29.203464    29.203464   -6559.0362 
   23480    294.42238    77.902842   -6642.1703   -6564.2674    24904.998    399.93389    238.10828    636.63439      325.059    29.203092    29.203092    29.203092   -6558.0507 
   23490      290.742     76.92903     -6641.28    -6564.351    24904.082    497.35026    233.58876    736.05008    522.41194    29.202734    29.202734    29.202734   -6556.6202 
   23500     290.3842    76.834358   -6641.2189   -6564.3846    24903.209    581.82909    296.14337    758.70546    690.63846    29.202393    29.202393    29.202393    -6555.341 
   23510    293.79287    77.736277   -6642.1064   -6564.3702    24902.387    593.36775    364.20632     677.6754    738.22154    29.202072    29.202072    29.202072   -6555.1475 
   23520    299.44162    79.230911   -6643.5567   -6564.3257    24901.617    543.52518    413.88065    532.58687    684.10801    29.201771    29.201771    29.201771   -6555.8781 
   23530    304.49353    80.567622   -6644.8467   -6564.2791    24900.895    500.55081    463.96645      426.211    611.47499    29.201488    29.201488    29.201488   -6556.4996 
   23540    306.33678    81.055339   -6645.3109   -6564.2555    24900.218    497.40583    509.95379    425.17697    557.08674    29.201223    29.201223    29.201223   -6556.5251 
   23550    304.29946    80.516273   -6644.7803    -6564.264    24899.584    520.69187    545.34565    505.97383    510.75612    29.200976    29.200976    29.200976   -6556.1719 
   23560    300.00373    79.379643   -6643.6736   -6564.2939    24898.996    548.86126     564.3934    602.73439      479.456    29.200746    29.200746    29.200746   -6555.7642 
   23570    296.31861    78.404577   -6642.7282   -6564.3236    24898.456    587.74792    593.57888    666.42075    503.24413    29.200535    29.200535    29.200535   -6555.1898 
   23580    295.48725    78.184601   -6642.5203   -6564.3357    24897.969    638.21878      639.604    683.77005    591.28229    29.200344    29.200344    29.200344   -6554.4177 
   23590    297.67226    78.762746   -6643.0887   -6564.3259    24897.537    697.69353    682.28857    711.61873    699.17328    29.200176    29.200176    29.200176   -6553.4839 
   23600    300.99596    79.642181    -6643.946   -6564.3038    24897.167    757.70518    728.14118    755.93691    789.03746    29.200031    29.200031    29.200031   -6552.5293 
   23610    303.07993    80.193591   -6644.4786    -6564.285    24896.863    819.15676    775.89938    811.48279    870.08811    29.199912    29.199912    29.199912   -6551.5558 
   23620     302.5767    80.060438    -6644.341   -6564.2806    24896.632    875.39476    796.95258    892.07879    937.15292    29.199822    29.199822    29.199822   -6550.6776 
   23630    299.83452     79.33487   -6643.6237   -6564.2888    24896.477    936.65218    825.66608    1005.0736    979.21683    29.199761    29.199761    29.199761    -6549.734 
   23640    296.63196    78.487486   -6642.7845    -6564.297    24896.405    1014.8228    887.24943    1154.9321    1002.2869    29.199733    29.199733    29.199733   -6548.5276 
   23650    294.81808    78.007542   -6642.2962   -6564.2886    24896.421    1065.9519    935.23408    1265.2998      997.322    29.199739    29.199739    29.199739   -6547.7247 
   23660    294.82508    78.009394   -6642.2602   -6564.2508    24896.531    1072.3879    961.15368    1273.5139    982.49597    29.199782    29.199782    29.199782   -6547.5868 
   23670    295.64861    78.227297   -6642.4029   -6564.1756    24896.735    1073.5104    982.25905    1235.5639    1002.7082    29.199862    29.199862    29.199862   -6547.4939 
   23680    296.02311    78.326388   -6642.3825   -6564.0561    24897.034    1077.1026    962.37391      1215.62    1053.3139    29.199979    29.199979    29.199979   -6547.3184 
   23690    295.74707     78.25335   -6642.1344   -6563.8811    24897.427    1048.9732    880.05357    1177.8942    1088.9717    29.200132    29.200132    29.200132   -6547.5803 
   23700     296.0137    78.323898   -6641.9583   -6563.6344    24897.911    977.37669     773.1077    1082.2511    1076.7712    29.200322    29.200322    29.200322   -6548.4459 
   23710     298.3316    78.937203   -6642.2396   -6563.3024    24898.481    863.75001    651.15236    945.43801    994.65966    29.200545    29.200545    29.200545   -6549.8794 
   23720     303.3435    80.263329   -6643.1506   -6562.8873    24899.127    735.99584    521.29498     831.1308    855.56175    29.200797    29.200797    29.200797   -6551.4493 
   23730    309.77468    81.964992   -6644.3842   -6562.4193    24899.838     612.6567     398.9685    765.52452    673.47709    29.201075    29.201075    29.201075   -6552.8978 
   23740    314.52539    83.222008   -6645.1746   -6561.9526    24900.603    542.11734    348.16097    748.95137    529.23967    29.201374    29.201374    29.201374   -6553.5271 
   23750    314.61716     83.24629   -6644.7864   -6561.5401    24901.417    572.36191    410.12358     784.0576    522.90454    29.201692    29.201692    29.201692   -6552.6443 
   23760    309.65141    81.932375   -6643.1357   -6561.2034    24902.281    668.03305     525.0767    854.10065    624.92181     29.20203     29.20203     29.20203   -6550.8203 
   23770    302.55277    80.054106   -6640.9795   -6560.9254    24903.205     778.6902     657.3251    920.66387    758.08164    29.202391    29.202391    29.202391   -6548.8219 
   23780    297.47245    78.709878   -6639.3807   -6560.6708    24904.197    839.24142    754.34775    917.50374    845.87278    29.202779    29.202779    29.202779   -6547.6257 
   23790    297.29656    78.663338   -6639.0756   -6560.4122    24905.262    824.85381    789.33675    842.15757    843.06712    29.203195    29.203195    29.203195   -6547.5902 
   23800    302.07608    79.927977   -6640.0737   -6560.1457    24906.399    744.12207    755.69302    727.35177    749.32142     29.20364     29.20364     29.20364   -6548.5781 
   23810    309.06201    81.776423   -6641.6698   -6559.8934    24907.601    622.92234    645.93102     610.4341    612.40189     29.20411     29.20411     29.20411   -6550.2094 
   23820    314.48258    83.210681   -6642.9025   -6559.6918    24908.859    498.12997    490.27933    510.56195    493.54862    29.204601    29.204601    29.204601   -6551.9475 
   23830    315.57028    83.498483   -6643.0693   -6559.5708     24910.16    409.84235    347.23325    441.68102    440.61278     29.20511     29.20511     29.20511   -6553.1987 
   23840    312.13269     82.58891   -6642.1246   -6559.5357    24911.499    402.57335    287.90201    437.15862    482.65943    29.205633    29.205633    29.205633   -6553.2763 
   23850    306.61796    81.129738   -6640.6961   -6559.5664    24912.874    443.26514     313.3133    462.81114    553.67099     29.20617     29.20617     29.20617   -6552.6739 
   23860     302.2078    79.962829   -6639.5956   -6559.6328    24914.288    457.36508      356.095     455.0557    560.94452    29.206723    29.206723    29.206723   -6552.5207 
   23870     300.8283    79.597821   -6639.3104   -6559.7126    24915.742    420.11828    369.62332    390.01496    500.71657    29.207291    29.207291    29.207291   -6553.1792 
   23880    302.29875    79.986893   -6639.7865   -6559.7996    24917.232     351.6804    351.37309    288.56632    415.10178    29.207873    29.207873    29.207873   -6554.3302 
   23890    304.75389    80.636513   -6640.5387   -6559.9022    24918.755     260.3528    297.71282    197.55537     285.7902    29.208468    29.208468    29.208468   -6555.8529 
   23900    306.12957    81.000511   -6641.0346   -6560.0341      24920.3    151.41456    208.44772    121.38862    124.40734    29.209072    29.209072    29.209072    -6557.679 
   23910    305.56936    80.852282   -6641.0561   -6560.2038    24921.859    34.956041    96.423663    32.602715   -24.158254    29.209681    29.209681    29.209681     -6559.66 
   23920    303.90536    80.411996   -6640.8223   -6560.4103    24923.421   -91.142459   -54.075507   -57.148476   -162.20339    29.210291    29.210291    29.210291   -6561.8281 
   23930    302.75433    80.107438   -6640.7549   -6560.6474    24924.975    -236.4628   -257.00302   -142.99402   -309.39136    29.210898    29.210898    29.210898   -6564.3261 
   23940    303.02441      80.1789   -6641.0902   -6560.9113    24926.509   -405.57748   -477.79771   -270.73142    -468.2033    29.211497    29.211497    29.211497   -6567.2212 
   23950    304.34107    80.527283   -6641.7317   -6561.2045    24928.008   -580.14942   -671.21519   -459.10693   -610.12613    29.212083    29.212083    29.212083   -6570.2309 
   23960    305.51799     80.83869   -6642.3718   -6561.5331    24929.456    -758.6663   -820.41665   -721.75393   -733.82833    29.212648    29.212648    29.212648   -6573.3377 
   23970    305.43954    80.817934   -6642.7169   -6561.8989    24930.837   -920.13416   -924.55118    -1006.031    -829.8203    29.213188    29.213188    29.213188   -6576.2168 
   23980    303.80277    80.384851   -6642.6776   -6562.2928    24932.139    -1019.818   -990.30234   -1212.7877   -856.36396    29.213697    29.213697    29.213697   -6578.1626 
   23990    301.24731    79.708688    -6642.402   -6562.6933    24933.352   -1081.1822   -1062.9569   -1331.4006   -849.18915     29.21417     29.21417     29.21417   -6579.5188 
   24000    298.78294    79.056627   -6642.1308   -6563.0742     24934.47   -1132.1514   -1149.9272   -1359.8689   -886.65802    29.214607    29.214607    29.214607   -6580.6937 
   24010     297.2033    78.638662   -6642.0516    -6563.413    24935.488   -1211.9667   -1262.4498   -1340.2974   -1033.1529    29.215005    29.215005    29.215005   -6582.2754 
   24020    297.04539    78.596878   -6642.2947   -6563.6978      24936.4      -1335.4   -1413.5598   -1329.6144   -1263.0259    29.215361    29.215361    29.215361   -6584.4821 
   24030    298.27326    78.921768   -6642.8511   -6563.9293    24937.195   -1448.5655   -1553.8875   -1328.4565   -1463.3524    29.215671    29.215671    29.215671   -6586.4756 
   24040    299.88225    79.347499   -6643.4646   -6564.1171    24937.863   -1521.9323   -1638.4198   -1344.7856   -1582.5915    29.215932    29.215932    29.215932   -6587.8059 
   24050    300.59971    79.537335   -6643.8098   -6564.2725    24938.397    -1574.754   -1672.8613   -1399.6179   -1651.7828    29.216141    29.216141    29.216141    -6588.784 
   24060    300.05551    79.393344    -6643.796   -6564.4027    24938.793   -1610.4081    -1675.994   -1480.0848   -1675.1455    29.216295    29.216295    29.216295   -6589.4696 
   24070    298.97687    79.107939   -6643.6173   -6564.5094    24939.048   -1621.7485   -1652.1206   -1556.0011   -1657.1237    29.216395    29.216395    29.216395   -6589.7531 
   24080    298.48082    78.976686   -6643.5696   -6564.5929     24939.16   -1616.4273   -1612.0865   -1613.5999   -1623.5955    29.216439    29.216439    29.216439   -6589.7538 
   24090    299.19803    79.166458   -6643.8228   -6564.6563    24939.131   -1580.3453   -1555.8864   -1619.1905    -1565.959    29.216427    29.216427    29.216427   -6589.2556 
   24100    300.53288    79.519652   -6644.2269   -6564.7073    24938.963   -1526.6333   -1499.7714   -1596.8658   -1483.2628    29.216361    29.216361    29.216361   -6588.4703 
   24110    300.97998    79.637953   -6644.3919    -6564.754     24938.66   -1471.4103   -1472.9212   -1576.8194   -1364.4902    29.216243    29.216243    29.216243   -6587.6572 
   24120    299.52208    79.252201   -6644.0513   -6564.7991    24938.229   -1410.1025   -1477.8902   -1546.4911   -1205.9262    29.216075    29.216075    29.216075   -6586.7477 
   24130    296.55994    78.468432   -6643.3046   -6564.8362    24937.673   -1338.6927   -1454.7853   -1479.4096   -1081.8831    29.215858    29.215858    29.215858   -6585.6728 
   24140    293.43975    77.642842   -6642.4954   -6564.8525        24937   -1259.4421   -1361.4383   -1353.4615   -1063.4266    29.215595    29.215595    29.215595   -6584.4551 
   24150    291.50983    77.132193   -6641.9676   -6564.8354    24936.216   -1201.7931   -1260.2165   -1197.0349    -1148.128    29.215289    29.215289    29.215289   -6583.5401 
   24160     291.6345    77.165182   -6641.9432    -6564.778    24935.326   -1179.6797   -1200.6195   -1061.9638   -1276.4559    29.214941    29.214941    29.214941   -6583.1378 
   24170    293.84628    77.750407   -6642.4322   -6564.6818    24934.332   -1169.9514   -1181.1394   -958.21323   -1370.5016    29.214553    29.214553    29.214553   -6582.8895 
   24180    297.29871    78.663907   -6643.2212   -6564.5573    24933.235   -1175.0789   -1210.9998    -910.6291   -1403.6079    29.214124    29.214124    29.214124    -6582.844 
   24190    300.64935     79.55047   -6643.9715   -6564.4211    24932.034   -1188.8525   -1261.9353     -926.469   -1378.1533    29.213656    29.213656    29.213656   -6582.9212 
   24200    302.70354       80.094   -6644.3835   -6564.2895     24930.73   -1168.3287   -1254.1561   -946.58623   -1304.2437    29.213146    29.213146    29.213146   -6582.4693 
   24210    302.96694    80.163694   -6644.3365   -6564.1728    24929.323     -1069.61   -1133.2032   -892.88598   -1182.7408    29.212596    29.212596    29.212596   -6580.8156 
   24220    301.95614     79.89624   -6643.9688   -6564.0725    24927.822    -922.0286   -936.97199   -785.50673   -1043.6071     29.21201     29.21201     29.21201   -6578.4181 
   24230    300.74638    79.576145   -6643.5593   -6563.9832    24926.241   -774.89701   -738.21098   -686.97484   -899.50523    29.211393    29.211393    29.211393   -6576.0388 
   24240    299.89267    79.350257    -6643.248   -6563.8977    24924.591   -633.88365    -573.1024    -610.1892   -718.35934    29.210748    29.210748    29.210748   -6573.7588 
   24250    299.19187    79.164828   -6642.9754   -6563.8106    24922.885   -492.83359   -440.46058   -522.77557   -515.26461    29.210082    29.210082    29.210082   -6571.4769 
   24260    298.15393    78.890193   -6642.6072    -6563.717    24921.136   -347.04261   -312.80684   -388.09057   -340.23043    29.209398    29.209398    29.209398   -6569.1151 
   24270    296.56375    78.469438   -6642.0799   -6563.6105    24919.357   -196.08362   -170.90979    -212.2446   -205.09648    29.208703    29.208703    29.208703   -6566.6602 
   24280    295.00208    78.056227   -6641.5378   -6563.4816     24917.56   -42.173252   -8.9755042   -19.851389   -97.692864    29.208001    29.208001    29.208001   -6564.1375 
   24290     294.5047    77.924625   -6641.2452   -6563.3205    24915.759     108.6776     152.2439    191.43008   -17.641181    29.207298    29.207298    29.207298   -6561.6305 
   24300    296.04265    78.331558   -6641.4532   -6563.1216    24913.968    229.10841    265.83931    388.50456    32.981367    29.206598    29.206598    29.206598   -6559.5589 
   24310    299.85002    79.338971   -6642.2275   -6562.8885    24912.197    297.09158    288.63388    523.01771    79.623159    29.205905    29.205905    29.205905   -6558.2691 
   24320    304.90103    80.675446   -6643.3128   -6562.6373    24910.451    338.38116    229.59214    597.92309    187.62824    29.205223    29.205223    29.205223   -6557.3762 
   24330    309.13132    81.794761   -6644.1883   -6562.3936    24908.735    400.77263    158.93244    654.59099    388.79448    29.204553    29.204553    29.204553   -6556.1628 
   24340    310.30121    82.104308   -6644.2863    -6562.182    24907.054    505.34647    170.55923    715.93448     629.5457    29.203896    29.203896    29.203896    -6554.326 
   24350    307.50232    81.363735   -6643.3762   -6562.0125    24905.418     656.0618    319.33866     798.9821    849.86463    29.203256    29.203256    29.203256   -6551.8142 
   24360    302.00028    79.907919   -6641.7807   -6561.8728     24903.84    831.21432    566.84135     911.0015    1015.8001     29.20264     29.20264     29.20264   -6548.9526 
   24370    296.61741    78.483636   -6640.2179   -6561.7343    24902.335    976.55877    840.68489    1000.8117    1088.1797    29.202051    29.202051    29.202051   -6546.5558 
   24380    294.31399    77.874163   -6639.4404   -6561.5662    24900.914    1050.4233     1046.478    1046.8704    1057.9214    29.201496    29.201496    29.201496   -6545.2406 
   24390    296.53828      78.4627   -6639.8111   -6561.3484    24899.585    1060.2281    1102.4028    1101.7706    976.51094    29.200976    29.200976    29.200976   -6544.8713 
   24400    302.36672    80.004879   -6641.0849     -6561.08    24898.349    1045.8759    1026.2475    1193.2343    918.14587    29.200493    29.200493    29.200493   -6544.8267 
   24410    308.82189    81.712889    -6642.494   -6560.7811    24897.205    1037.7955    902.04383    1282.1263    929.21626    29.200046    29.200046    29.200046   -6544.6541 
   24420    312.68556    82.735197   -6643.2189   -6560.4837    24896.152    1042.4758    787.93617    1312.0322    1027.4592    29.199634    29.199634    29.199634   -6544.2847 
   24430     313.1881    82.868167   -6643.0829   -6560.2147     24895.19    1053.3041     730.6287    1243.3702    1185.9133    29.199258    29.199258    29.199258   -6543.8481 
   24440    312.10901    82.582644   -6642.5672   -6559.9846     24894.32    1061.7924    748.74789    1087.4736    1349.1558    29.198918    29.198918    29.198918   -6543.4867 
   24450    311.58886    82.445016   -6642.2377   -6559.7926    24893.544    1091.2476    820.90625    959.78394    1493.0527    29.198614    29.198614    29.198614   -6542.8376 
   24460    312.48076    82.681009   -6642.3204   -6559.6394    24892.864    1172.7178    947.05348    976.76311    1594.3368    29.198348    29.198348    29.198348    -6541.419 
   24470    314.00442    83.084162   -6642.6183   -6559.5341    24892.286    1283.4121    1103.9184    1139.9683    1606.3496    29.198123    29.198123    29.198123   -6539.5944 
   24480    314.42071     83.19431   -6642.6871   -6559.4928    24891.822    1397.7078    1283.9836    1363.2401    1545.8998    29.197941    29.197941    29.197941   -6537.7777 
   24490    312.35289    82.647175   -6642.1768   -6559.5296     24891.48    1521.1527    1518.1902     1566.179     1479.089    29.197807    29.197807    29.197807   -6535.8969 
   24500     307.7786    81.436837   -6641.0836   -6559.6468    24891.271    1664.3935    1788.4707    1743.7053    1461.0045    29.197726    29.197726    29.197726   -6533.7889 
   24510    302.02816    79.915298   -6639.7465   -6559.8312    24891.209    1817.3499    2044.6841    1872.0875    1535.2782    29.197701    29.197701    29.197701   -6531.5971 
   24520    297.36529    78.681521   -6638.7412   -6560.0597    24891.306     1943.395    2241.3717    1895.3968    1693.4164    29.197739    29.197739    29.197739   -6529.8673 
   24530    295.90333    78.294696   -6638.6063   -6560.3116    24891.573    2001.1405    2318.7855    1808.4676    1876.1685    29.197844    29.197844    29.197844   -6529.2217 
   24540    298.07732    78.869922   -6639.4498   -6560.5799    24892.015    1968.3342    2237.8059    1666.0786    2001.1182    29.198017    29.198017    29.198017   -6529.9991 
   24550    302.07069    79.926551   -6640.8005    -6560.874    24892.629    1852.3345    2014.9704    1522.6041    2019.4289    29.198257    29.198257    29.198257   -6532.0947 
   24560    305.04637    80.713902   -6641.9245   -6561.2106    24893.405    1694.7272    1707.4666    1420.6273    1956.0877     29.19856     29.19856     29.19856   -6534.8792 
   24570    305.19593    80.753476   -6642.3511   -6561.5977    24894.331    1528.8082    1381.0156    1359.1342    1846.2749    29.198922    29.198922    29.198922   -6537.8433 
   24580    302.83845    80.129695    -6642.153   -6562.0233    24895.391    1378.0448    1129.2036    1316.6513    1688.2795    29.199336    29.199336    29.199336   -6540.6106 
   24590    299.96927    79.370523   -6641.8302   -6562.4597    24896.572    1250.9231    994.99138    1288.8272    1468.9507    29.199798    29.199798    29.199798   -6543.0213 
   24600    298.72228    79.040577   -6641.9198   -6562.8792    24897.864    1128.6319    947.60467    1254.9618    1183.3292    29.200303    29.200303    29.200303   -6545.3402 
   24610    300.06103    79.394803   -6642.6631   -6563.2683    24899.255    989.89804    911.75872    1187.7928    870.14256    29.200847    29.200847    29.200847   -6547.8844 
   24620    303.09063    80.196423   -6643.8267   -6563.6302    24900.734    824.53587    808.23526     1055.486     609.8864    29.201425    29.201425    29.201425   -6550.8155 
   24630    305.41733    80.812056    -6644.789   -6563.9769    24902.285     672.1689    652.45149    872.51607    491.53915    29.202032    29.202032    29.202032   -6553.5295 
   24640    304.74481    80.634111   -6644.9488   -6564.3147    24903.897    569.98823    494.74031    671.63711    543.58728    29.202662    29.202662    29.202662   -6555.4549 
   24650    300.58673    79.533902   -6644.1683   -6564.6344    24905.559    463.99785    307.34889    440.25188    644.39277    29.203311    29.203311    29.203311   -6557.4216 
   24660    294.76731    77.994109   -6642.9083   -6564.9142    24907.263     361.3459     153.2264    236.41999    694.39131    29.203977    29.203977    29.203977   -6559.2967 
   24670    290.27524    76.805527    -6641.938   -6565.1324    24908.999    298.07959    112.01929    112.69997     669.5195    29.204656    29.204656    29.204656   -6560.4982 
   24680    289.23997    76.531598   -6641.8116     -6565.28    24910.762    223.72318    130.03903    16.867899    524.26261    29.205345    29.205345    29.205345   -6561.8015 
   24690     291.7842    77.204792   -6642.5677   -6565.3629    24912.545    59.020878    92.714764   -136.93137    221.27924    29.206042    29.206042    29.206042   -6564.4452 
   24700    296.33419    78.408699   -6643.8089   -6565.4002    24914.334   -177.18907    -45.98223   -328.24651   -157.33848    29.206741    29.206741    29.206741   -6568.1555 
   24710    300.39724    79.483762   -6644.9003   -6565.4165    24916.107   -393.75004   -259.89516   -466.26311   -455.09184    29.207434    29.207434    29.207434   -6571.5399 
   24720    301.93928    79.891779   -6645.3244   -6565.4326    24917.848   -544.83245   -509.19708   -512.86192   -612.43834    29.208114    29.208114    29.208114   -6573.9061 
   24730    300.76041    79.579855   -6645.0365   -6565.4566    24919.542   -650.04268   -757.50959   -506.43018   -686.18826    29.208775    29.208775    29.208775   -6575.5671 
   24740    298.35221    78.942656   -6644.4257   -6565.4831    24921.179   -739.51953   -960.48173   -504.85942   -753.21745    29.209415    29.209415    29.209415    -6576.986 
   24750    296.56157    78.468863   -6643.9696   -6565.5007    24922.752   -812.90015   -1079.3821   -538.68009   -820.63821     29.21003     29.21003     29.21003   -6578.1459 
   24760    296.24834    78.385983   -6643.8871   -6565.5011    24924.255    -862.4379   -1114.9576   -620.09231   -852.26382    29.210617    29.210617    29.210617   -6578.9176 
   24770    296.94478    78.570259   -6644.0526   -6565.4824    24925.683   -893.31184   -1097.2228   -746.87105   -835.84164    29.211175    29.211175    29.211175     -6579.38 
   24780     297.6339    78.752596   -6644.1997   -6565.4471    24927.033   -920.51209   -1058.0646   -909.96272   -793.50893    29.211702    29.211702    29.211702   -6579.7686 
   24790    297.53268    78.725813   -6644.1237   -6565.3979    24928.302   -960.46906   -1026.5911   -1076.8513   -777.96473    29.212198    29.212198    29.212198   -6580.3419 
   24800    296.46007    78.442004   -6643.7755   -6565.3335    24929.488    -997.8164   -992.55604   -1178.9223   -821.97088    29.212661    29.212661    29.212661   -6580.8593 
   24810      295.032    78.064144   -6643.3117   -6565.2475    24930.586   -1022.9703   -971.52362   -1187.0077   -910.37957     29.21309     29.21309     29.21309   -6581.1654 
   24820    294.24549    77.856037   -6642.9875   -6565.1314    24931.595   -1057.6368   -1010.7644   -1149.0252   -1013.1206    29.213484    29.213484    29.213484   -6581.5894 
   24830    294.73509    77.985583   -6642.9641   -6564.9785    24932.512   -1111.6156   -1110.9225    -1127.399   -1096.5254    29.213842    29.213842    29.213842   -6582.2771 
   24840    296.48421    78.448392   -6643.2356   -6564.7872    24933.331   -1168.6204    -1218.445   -1155.9868   -1131.4294    29.214162    29.214162    29.214162   -6582.9735 
   24850    298.97235    79.106744   -6643.6695   -6564.5628    24934.048   -1184.4781   -1261.1671   -1188.2065   -1104.0607    29.214442    29.214442    29.214442   -6582.9963 
   24860    301.25639    79.711091   -6644.0265   -6564.3154    24934.661   -1158.9777   -1253.3582   -1163.1582   -1060.4168    29.214682    29.214682    29.214682   -6582.3526 
   24870    302.19622    79.959766   -6644.0164   -6564.0566    24935.173   -1142.2135   -1262.3002   -1121.0736   -1043.2666    29.214881    29.214881    29.214881   -6581.8333 
   24880    301.32058    79.728075   -6643.5208   -6563.7927    24935.584   -1158.7448   -1308.1256   -1106.2468   -1061.8621    29.215042    29.215042    29.215042   -6581.8269 
   24890    299.38615    79.216234   -6642.7378   -6563.5216    24935.894   -1187.6591   -1357.9954   -1087.3038   -1117.6781    29.215163    29.215163    29.215163    -6582.006 
   24900    297.94854    78.835848   -6642.0706   -6563.2348    24936.099   -1205.0706   -1390.8476   -1041.3606   -1183.0037    29.215243    29.215243    29.215243   -6581.9903 
   24910    298.45756    78.970533   -6641.8961   -6562.9256    24936.199   -1217.4022   -1413.1532   -1016.8808   -1222.1725    29.215282    29.215282    29.215282   -6581.8732 
   24920    301.11456    79.673562   -6642.2705   -6562.5969    24936.192   -1217.7583   -1407.6872   -1041.9808   -1203.6068    29.215279    29.215279    29.215279     -6581.55 
   24930    304.57303    80.588657   -6642.8531   -6562.2645    24936.078    -1166.855   -1333.5135   -1069.0878   -1097.9638    29.215235    29.215235    29.215235   -6580.4253 
   24940    306.83375    81.186833   -6643.1379   -6561.9511    24935.862   -1052.9397   -1182.3918   -1047.9525   -928.47483    29.215151    29.215151    29.215151   -6578.3387 
   24950    306.52274    81.104542    -6642.779   -6561.6745    24935.554    -913.3172   -1000.2833   -973.40099   -766.26728     29.21503     29.21503     29.21503   -6575.8889 
   24960    303.73319     80.36644   -6641.8038   -6561.4374    24935.165   -802.70472   -859.01768   -869.85977    -679.2367    29.214879    29.214879    29.214879   -6573.9301 
   24970    300.09427    79.403598   -6640.6311   -6561.2275    24934.706   -715.42358   -755.17564   -731.34168   -659.75341    29.214699    29.214699    29.214699   -6572.3617 
   24980      297.744    78.781726   -6639.8083   -6561.0266    24934.183   -636.55214   -683.26185   -574.09078   -652.30379    29.214495    29.214495    29.214495   -6570.9331 
   24990    297.98737    78.846122   -6639.6685   -6560.8224    24933.605   -608.55561   -704.84217   -478.41704   -642.40761    29.214269    29.214269    29.214269   -6570.2929 
   25000    300.66209     79.55384   -6640.1693   -6560.6155    24932.972   -630.90028   -799.78126   -482.05208   -610.86751    29.214022    29.214022    29.214022   -6570.4335 
