   20010    313.86261     83.04664     -6638.37   -6555.3234    24916.065    665.09403    713.16407    551.90369    730.21434    29.207417    29.207417    29.207417   -6544.9802 
   20020    312.22364    82.612976   -6637.9626   -6555.3496    24915.212    699.77393    740.40534    583.55564     775.3608    29.207084    29.207084    29.207084   -6544.4675 
   20030    311.29377    82.366936   -6637.7505   -6555.3836    24914.417     689.4063    719.78843    604.10072    744.32974    29.206773    29.206773    29.206773   -6544.6631 
   20040    312.76754     82.75689   -6638.1776   -6555.4207     24913.68    638.57929    656.60122    597.32342    661.81324    29.206485    29.206485    29.206485   -6545.4908 
   20050    316.88441    83.846194   -6639.3147   -6555.4685    24912.996    579.81147    567.48567     573.4666    598.48215    29.206218    29.206218    29.206218   -6546.4527 
   20060    321.79547    85.145638   -6640.6915   -6555.5458    24912.361    519.92441    491.08868    532.63549    536.04904     29.20597     29.20597     29.20597   -6547.4615 
   20070     324.7347    85.923346   -6641.5958   -6555.6725    24911.769     484.7154    458.91498    500.96288    494.26835    29.205738    29.205738    29.205738   -6548.1358 
   20080    323.64437     85.63485   -6641.4889    -6555.854    24911.219    521.53214    495.69552    515.62282    553.27806    29.205523    29.205523    29.205523   -6547.7451 
   20090    318.40844    84.249445   -6640.3222   -6556.0728    24910.713    644.81804    614.88808    590.67183    728.89421    29.205326    29.205326    29.205326   -6546.0471 
   20100     311.3243    82.375014   -6638.6685   -6556.2935    24910.262    816.56807    802.16211    704.07379     943.4683    29.205149    29.205149    29.205149   -6543.5977 
   20110    305.84632    80.925564   -6637.4075    -6556.482    24909.879     960.2019    985.75393     793.9313    1100.9205       29.205       29.205       29.205   -6541.5532 
   20120    304.31981    80.521658   -6637.1425   -6556.6209    24909.577    1029.6804    1077.9641    836.63736    1174.4398    29.204882    29.204882    29.204882   -6540.6121 
   20130    306.58781    81.121759   -6637.8356   -6556.7138    24909.362    1041.9818    1067.6386    889.46584     1168.841    29.204798    29.204798    29.204798   -6540.5139 
   20140    310.43366    82.139356   -6638.9185   -6556.7792    24909.236    1022.7997    990.29162     971.9019    1106.2057    29.204748    29.204748    29.204748   -6540.8776 
   20150    313.33622    82.907359   -6639.7464    -6556.839    24909.196    958.68821    870.72452    998.85613     1006.484    29.204733    29.204733    29.204733   -6541.9342 
   20160    314.08706    83.106027   -6640.0146   -6556.9086    24909.237    865.70007    742.55422    960.59274    893.95324    29.204749    29.204749    29.204749   -6543.4495 
   20170    313.00876    82.820714   -6639.8123   -6556.9916    24909.352    811.63027    645.04315    945.30332    844.54434    29.204794    29.204794    29.204794    -6544.373 
   20180    311.46016    82.410963   -6639.4937   -6557.0827    24909.537    795.45435    572.93701    962.04009    851.38596    29.204866    29.204866    29.204866   -6544.7155 
   20190    310.83142      82.2446   -6639.4199   -6557.1753     24909.79    755.19185      480.085    935.08377    850.40677    29.204965    29.204965    29.204965    -6545.434 
   20200    311.46322    82.411773   -6639.6794   -6557.2676    24910.107    652.27316    347.47556    812.42188    796.92203    29.205089    29.205089    29.205089   -6547.1263 
   20210    312.79462    82.764053   -6640.1279   -6557.3639     24910.48    525.32203     236.0408     631.9532    707.97209    29.205235    29.205235    29.205235   -6549.1962 
   20220    313.96851    83.074661    -6640.546   -6557.4714    24910.898    435.75071    206.05972    462.97052     638.2219    29.205398    29.205398    29.205398   -6550.6963 
   20230    314.44753    83.201407   -6640.7979   -6557.5965    24911.355    409.69972    249.62439    382.85302    596.62176    29.205577    29.205577    29.205577   -6551.2263 
   20240    314.34859    83.175228   -6640.9174   -6557.7422    24911.847    426.14039    314.37645    395.20784    568.83688    29.205769    29.205769    29.205769   -6551.1162 
   20250    313.92805    83.063955   -6640.9723   -6557.9083    24912.377    432.26962    340.97116    425.08404    530.75367    29.205976    29.205976    29.205976   -6551.1869 
   20260    312.92567    82.798728   -6640.8912   -6558.0925    24912.944    408.18027    314.20193    427.39791    482.94098    29.206197    29.206197    29.206197   -6551.7455 
   20270    310.91771    82.267433   -6640.5562   -6558.2887    24913.546    419.34088    310.59185    433.19719    514.23362    29.206433    29.206433    29.206433   -6551.7681 
   20280    307.86463      81.4596   -6639.9453   -6558.4857    24914.186    479.01979    357.83892    463.29791    615.92253    29.206683    29.206683    29.206683   -6551.0368 
   20290    304.32731    80.523642    -6639.191   -6558.6673    24914.867    510.47017    399.36981    477.32498    654.71572    29.206949    29.206949    29.206949   -6550.7292 
   20300    301.67041    79.820639   -6638.6375   -6558.8169    24915.592    492.30181     408.2087    482.67038    586.02635    29.207232    29.207232    29.207232    -6551.161 
   20310    301.69302     79.82662   -6638.7503   -6558.9237    24916.361    452.49681    402.94266    506.00165    448.54611    29.207533    29.207533    29.207533   -6551.8867 
   20320    305.16334    80.744851   -6639.7353   -6558.9904    24917.168      370.162    355.97518    497.94713    256.56368    29.207848    29.207848    29.207848   -6553.2337 
   20330    310.74862    82.222692   -6641.2574   -6559.0347    24918.008    219.40795    231.81478    363.62157    62.787513    29.208176    29.208176    29.208176   -6555.6223 
   20340    315.66323    83.523076   -6642.6075   -6559.0844    24918.867    42.813391    62.540782    103.32691   -37.427514    29.208512    29.208512    29.208512   -6558.4185 
   20350    317.31301      83.9596   -6643.1255   -6559.1659    24919.732   -79.251909   -74.831127   -156.16275   -6.7618524     29.20885     29.20885     29.20885   -6560.3985 
   20360    314.77658    83.288471    -6642.578   -6559.2896    24920.592   -113.88947   -121.35341   -294.69442     74.37941    29.209186    29.209186    29.209186    -6561.061 
   20370    309.13559    81.795891     -6641.24   -6559.4441    24921.444   -67.803132   -55.341431      -277.41    129.34204    29.209519    29.209519    29.209519   -6560.4988 
   20380    302.82792    80.126911   -6639.7294   -6559.6025    24922.292    11.807901    90.233832   -164.08324    109.27311     29.20985     29.20985     29.20985   -6559.4188 
   20390    298.49809    78.981256   -6638.7162    -6559.735    24923.143    87.612783    264.09864   -24.336306    23.076014    29.210182    29.210182    29.210182   -6558.3721 
   20400     297.5268    78.724257   -6638.5451   -6559.8208    24924.001    121.90278    378.57683    67.817116   -80.685614    29.210518    29.210518    29.210518   -6557.9245 
   20410    299.49588    79.245266    -6639.097   -6559.8518    24924.871    73.797173    346.31221    57.566708    -182.4874    29.210858    29.210858    29.210858   -6558.7037 
   20420    302.93172    80.154374   -6639.9843     -6559.83    24925.748   -59.148264    137.42623   -43.173246   -271.69777      29.2112      29.2112      29.2112   -6560.7502 
   20430    306.14634     81.00495   -6640.7677   -6559.7628    24926.621   -230.36762   -180.05177   -185.31065   -325.74044    29.211541    29.211541    29.211541   -6563.3468 
   20440    308.08331    81.517463   -6641.1743   -6559.6568    24927.476   -398.68603   -507.04824   -327.52146   -361.48839    29.211875    29.211875    29.211875   -6565.8598 
   20450    308.88097     81.72852   -6641.2418   -6559.5132    24928.298   -539.01434   -759.99037   -449.57067   -407.48198    29.212196    29.212196    29.212196   -6567.8998 
   20460    309.35949    81.855134   -6641.1825   -6559.3273    24929.076   -657.91564    -928.8832   -568.64179   -476.22194      29.2125      29.2125      29.2125   -6569.5642 
   20470    310.39953    82.130324   -6641.2231   -6559.0928    24929.799   -759.96321   -1023.6676   -714.23432   -541.98774    29.212783    29.212783    29.212783   -6570.9178 
   20480    312.30985    82.635785   -6641.4438    -6558.808    24930.459   -808.76279   -1021.7452   -860.44498   -544.09816     29.21304     29.21304     29.21304   -6571.3926 
   20490    314.21688    83.140377   -6641.6207   -6558.4803    24931.052   -803.19773   -958.36917   -960.70701   -490.51701    29.213272    29.213272    29.213272   -6570.9786 
   20500    314.60905    83.244144   -6641.3682    -6558.124    24931.577   -788.28295   -934.68727   -983.48221   -446.67938    29.213477    29.213477    29.213477   -6570.3906 
   20510    313.17989    82.865995   -6640.6182   -6557.7522    24932.036   -764.61453   -970.61443   -902.99476   -420.23442    29.213656    29.213656    29.213656   -6569.6506 
   20520    311.28182    82.363774   -6639.7341   -6557.3704    24932.431   -695.02891   -989.78325   -717.30183   -378.00166    29.213811    29.213811    29.213811   -6568.1861 
   20530    310.52343    82.163107   -6639.1429   -6556.9798    24932.768   -581.43847   -939.57155   -459.18637   -345.55749    29.213942    29.213942    29.213942    -6566.028 
   20540     311.5938    82.446323   -6639.0319   -6556.5856    24933.056   -468.40143   -812.70433   -224.89597   -367.60398    29.214055    29.214055    29.214055   -6563.8749 
   20550    313.82902    83.037752   -6639.2389   -6556.2012    24933.304    -409.3264   -664.92021   -126.33314   -436.72586    29.214151    29.214151    29.214151   -6562.5712 
   20560    315.61885    83.511332   -6639.3562   -6555.8449    24933.517   -397.06942   -543.33485   -163.49395   -484.37946    29.214235    29.214235    29.214235   -6562.0242 
   20570    315.65635    83.521255   -6639.0524   -6555.5311    24933.698   -367.32516    -447.1757   -225.49612   -429.30365    29.214305    29.214305    29.214305   -6561.2476 
   20580    313.87305    83.049403   -6638.3119   -6555.2625    24933.847   -304.39936   -379.19861   -236.74442   -297.25504    29.214364    29.214364    29.214364   -6559.9997 
   20590    311.57777     82.44208   -6637.4715   -6555.0294    24933.971   -239.60933   -364.91249   -161.45463   -192.46087    29.214412    29.214412    29.214412   -6558.7583 
   20600    310.69911    82.209591   -6637.0279   -6554.8183    24934.075   -226.54667   -464.47614   -44.748499   -170.41536    29.214453    29.214453    29.214453    -6558.344 
   20610     312.5898     82.70986   -6637.3322   -6554.6223    24934.159    -288.1753   -658.80932    17.195454   -222.91202    29.214485    29.214485    29.214485   -6559.1071 
   20620    317.09434    83.901741   -6638.3501   -6554.4484    24934.219   -350.43643   -782.63866    26.050852   -294.72149    29.214509    29.214509    29.214509   -6559.9021 
   20630    322.16898    85.244468   -6639.5618   -6554.3174    24934.249   -337.55095   -756.86213    34.662422   -290.45315    29.214521    29.214521    29.214521   -6559.5706 
   20640    324.74536    85.926166   -6640.1802   -6554.2541    24934.252   -273.17559   -659.09074    16.957822   -177.39385    29.214522    29.214522    29.214522   -6558.5054 
   20650    322.63799    85.368566   -6639.6389   -6554.2703    24934.232   -160.53909   -493.77774   -12.030928    24.191411    29.214514    29.214514    29.214514   -6556.7687 
   20660    315.88304    83.581236   -6637.9333    -6554.352    24934.198    4.2980387   -247.57741    18.682296    241.78923    29.214501    29.214501    29.214501   -6554.2851 
   20670    307.18965    81.281003   -6635.7422   -6554.4612    24934.165    146.56974   -1.2966913    93.750728    347.25519    29.214488    29.214488    29.214488   -6552.1802 
   20680    301.10982    79.672309    -6634.227   -6554.5547    24934.144    185.71327    141.94496     143.0668    272.12806    29.214479    29.214479    29.214479   -6551.6645 
   20690    301.46577    79.766491   -6634.3721   -6554.6056    24934.137    106.00408    120.72887    141.98126    55.302121    29.214477    29.214477    29.214477   -6552.9559 
   20700    308.54977    81.640886   -6636.2578    -6554.617     24934.14    -70.12472   -56.951962    61.610031   -215.03223    29.214478    29.214478    29.214478   -6555.7083 
   20710    318.65368    84.314335   -6638.9371   -6554.6227    24934.136   -292.28083   -300.25238   -91.319763   -485.27035    29.214476    29.214476    29.214476   -6559.1714 
   20720    326.58239    86.412236   -6641.0885   -6554.6763    24934.107   -467.72755   -489.70257   -231.69136   -681.78871    29.214465    29.214465    29.214465   -6561.9553 
   20730    328.66403     86.96303   -6641.7886   -6554.8256     24934.04   -528.73563   -531.57256    -327.7377   -726.89662    29.214439    29.214439    29.214439   -6563.0541 
   20740    324.47655     85.85504   -6640.9427   -6555.0877    24933.929    -493.3795   -421.33352   -428.15526   -630.64971    29.214395    29.214395    29.214395   -6562.7659 
   20750    316.87877    83.844701   -6639.2857    -6555.441    24933.775   -434.04109   -260.34117    -567.7582    -474.0239    29.214336    29.214336    29.214336   -6562.1957 
   20760    310.15316    82.065136   -6637.9069   -6555.8418    24933.585   -387.81369   -123.45023   -702.28999   -337.70086    29.214261    29.214261    29.214261    -6561.877 
   20770    307.34679    81.322582   -6637.5726   -6556.2501    24933.361    -380.6878   -78.464075   -777.63276   -285.96658    29.214174    29.214174    29.214174   -6562.1744 
   20780    308.79532    81.705857   -6638.3517   -6556.6458    24933.104   -436.77679   -175.25947   -784.78936   -350.28154    29.214073    29.214073    29.214073   -6563.4429 
   20790    312.49889    82.685804   -6639.7148    -6557.029    24932.809   -527.18539   -359.84105   -740.04015   -481.67498    29.213958    29.213958    29.213958    -6565.233 
   20800    315.43273    83.462085   -6640.8703   -6557.4083    24932.469   -596.56885   -545.88182   -647.59701   -596.22772    29.213826    29.213826    29.213826   -6566.6918 
   20810    315.15852    83.389532   -6641.1737   -6557.7842    24932.079   -592.58733   -659.42652   -483.71743   -634.61803    29.213673    29.213673    29.213673   -6567.0056 
   20820    311.17664    82.335945   -6640.4754   -6558.1395    24931.638   -526.86051    -695.7838   -285.09492    -599.7028    29.213501    29.213501    29.213501    -6566.338 
   20830     305.5012    80.834248   -6639.2786   -6558.4444    24931.152   -464.79678   -703.29334    -166.9988   -524.09819    29.213311    29.213311    29.213311    -6565.677 
   20840    301.55359    79.789729    -6638.464   -6558.6742    24930.626   -421.00289   -648.97901   -170.65032   -443.37933    29.213105    29.213105    29.213105   -6565.2253 
   20850    301.86727    79.872726   -6638.6972   -6558.8245    24930.063   -395.51989   -516.36982   -246.12017   -424.06969    29.212886    29.212886    29.212886   -6564.9788 
   20860    306.15878    81.008241   -6639.9206   -6558.9123    24929.465   -401.97545   -389.93649    -335.2787   -480.71115    29.212652    29.212652    29.212652    -6565.167 
   20870    311.31728    82.373155   -6641.3413   -6558.9682    24928.832   -439.08931   -354.33374   -405.21134   -557.72285    29.212405    29.212405    29.212405   -6565.8001 
   20880    313.85078     83.04351   -6642.0641   -6559.0205    24928.161   -494.79775   -410.29978   -452.58005   -621.51342    29.212143    29.212143    29.212143   -6566.7191 
   20890    312.43124    82.667907   -6641.7496   -6559.0817    24927.448   -503.92481   -475.62986   -441.34625   -594.79833    29.211864    29.211864    29.211864    -6566.922 
   20900    308.54624    81.639951   -6640.7842   -6559.1442    24926.691   -457.41732   -516.39197   -391.83592   -464.02406    29.211568    29.211568    29.211568   -6566.2608 
   20910    305.27723    80.774987   -6639.9662   -6559.1912    24925.894   -396.01302   -551.69607   -338.30693   -298.03605    29.211257    29.211257    29.211257   -6565.3522 
   20920    305.01734    80.706222   -6639.9174   -6559.2111    24925.062   -351.22102   -586.67362   -305.09281   -161.89663    29.210932    29.210932    29.210932   -6564.6751 
   20930    307.94103    81.479817    -6640.686   -6559.2061      24924.2   -345.26463   -621.66003   -337.15276   -76.981091    29.210595    29.210595    29.210595   -6564.5772 
   20940    312.19205    82.604616   -6641.7964   -6559.1918    24923.306   -354.14151    -639.1153   -409.85004    -13.45918    29.210246    29.210246    29.210246   -6564.7008 
   20950    315.33085    83.435129   -6642.6242   -6559.1891    24922.382   -321.45529   -585.54846   -447.62594    68.808538    29.209885    29.209885    29.209885   -6564.1895 
   20960    315.69412    83.531249   -6642.7444   -6559.2132    24921.429   -232.59979   -443.36831   -408.37203    153.94096    29.209513    29.209513    29.209513   -6562.8312 
   20970    312.99752     82.81774   -6642.0823   -6559.2646    24920.456    -105.2646   -236.36548   -273.17077    193.74246    29.209133    29.209133    29.209133   -6560.9019 
   20980    308.40367    81.602228   -6640.9309   -6559.3287    24919.472     43.70563   -8.0777723    -40.57423    179.76889    29.208748    29.208748    29.208748   -6558.6489 
   20990    303.83703    80.393917   -6639.7764   -6559.3825    24918.492    216.15741    199.44945    264.10562    184.91715    29.208365    29.208365    29.208365   -6556.0207 
   21000    300.89402    79.615208   -6639.0195   -6559.4043    24917.528    405.55051    349.78526    564.11781    302.74844    29.207989    29.207989    29.207989   -6553.0971 
   21010    300.30246    79.458684   -6638.8389   -6559.3802    24916.597    536.81689    368.47285    716.05511    525.92271    29.207625    29.207625    29.207625   -6551.0318 
   21020      301.942      79.8925   -6639.1991   -6559.3066     24915.71    570.49135    260.77129    686.49022    764.21253    29.207278    29.207278    29.207278   -6550.4348 
   21030     305.1621    80.744525   -6639.9338   -6559.1892     24914.87    544.91127    139.01503    564.18288    931.53589     29.20695     29.20695     29.20695   -6550.7155 
   21040    308.86563     81.72446    -6640.766   -6559.0416    24914.075    509.65022    111.30999     427.0497    990.59098     29.20664     29.20664     29.20664   -6551.1164 
   21050    311.84043    82.511579   -6641.3921   -6558.8805    24913.323    485.29312    216.50327     312.4721      926.904    29.206346    29.206346    29.206346   -6551.3344 
   21060    313.45164    82.937898   -6641.6591   -6558.7212    24912.611    490.86407    416.01717      284.993    771.58203    29.206067    29.206067    29.206067   -6551.0886 
   21070    313.68524    82.999709    -6641.572   -6558.5723     24911.94    536.64537    612.89059    398.83904    598.20649    29.205805    29.205805    29.205805   -6550.2281 
   21080    312.90698    82.793785   -6641.2293   -6558.4355    24911.314    613.85679    718.52237    587.75184    535.29614    29.205561    29.205561    29.205561    -6548.891 
   21090    311.54518    82.433458   -6640.7401   -6558.3067     24910.74    702.22736      704.229    742.77535    659.67773    29.205336    29.205336    29.205336   -6547.3884 
   21100    309.70413    81.946323    -6640.124   -6558.1777    24910.225    801.12461    637.40109    845.06801    920.90472    29.205135    29.205135    29.205135    -6545.722 
   21110    307.28739    81.306866   -6639.3439    -6558.037    24909.777    903.68774    607.44958    927.01666     1176.597     29.20496     29.20496     29.20496    -6543.987 
   21120    304.58776    80.592556   -6638.4619   -6557.8693    24909.405    980.47952    654.01227    983.18443    1304.2419    29.204814    29.204814    29.204814   -6542.6256 
   21130    302.87187    80.138538   -6637.7949   -6557.6564    24909.116    1013.4326     754.9383    994.86828    1290.4913    29.204702    29.204702    29.204702   -6541.9005 
   21140    303.96103    80.426726   -6637.8096   -6557.3829    24908.912    986.61068    837.59762    982.24082    1139.9936    29.204622    29.204622    29.204622   -6542.0441 
   21150    308.71852    81.685535   -6638.7309   -6557.0454    24908.792    918.21706    853.18413    979.03534     922.4317    29.204575    29.204575    29.204575     -6542.77 
   21160    315.94341     83.59721   -6640.2588   -6556.6616     24908.75    839.74122    784.72376    967.94139    766.55852    29.204558    29.204558    29.204558   -6543.6063 
   21170    322.87934    85.432425   -6641.7036   -6556.2712    24908.779    749.92252    642.24696    890.46219    717.05841     29.20457     29.20457     29.20457   -6544.6122 
   21180    326.65667    86.431889   -6642.3536   -6555.9217    24908.872     673.6571    509.89071    780.86682    730.21377    29.204606    29.204606    29.204606   -6545.4484 
   21190    325.77035    86.197373   -6641.8434    -6555.646    24909.023    665.08932    500.71425    733.50514    761.04856    29.204665    29.204665    29.204665   -6545.3059 
   21200    321.03206    84.943644   -6640.3911   -6555.4474    24909.232    747.05604    638.38061    792.87932    809.90818    29.204747    29.204747    29.204747   -6543.8329 
   21210     315.1007    83.374232   -6638.6777   -6555.3034    24909.505      902.881    858.68172    957.70658    892.25471    29.204854    29.204854    29.204854   -6541.2661 
   21220     310.7879    82.233086   -6637.4156   -6555.1825    24909.856    1080.9936    1095.0543    1144.9434    1002.9832    29.204991    29.204991    29.204991   -6538.3757 
   21230    309.51453    81.896158   -6636.9559   -6555.0597    24910.299    1239.7699     1310.141    1246.8586    1162.3102    29.205164    29.205164    29.205164    -6535.784 
   21240    310.82194    82.242091   -6637.1663   -6554.9242    24910.848    1339.4929    1460.3475    1223.1364    1334.9947    29.205379    29.205379    29.205379   -6534.0976 
   21250    312.94369    82.803499   -6637.5811   -6554.7776    24911.512    1340.1272    1490.3904    1107.0739    1422.9173    29.205638    29.205638    29.205638   -6533.9406 
   21260    314.10806    83.111585   -6637.7384   -6554.6268    24912.289    1265.4623    1405.8745    996.44369    1394.0687    29.205942    29.205942    29.205942   -6534.9501 
   21270    313.68165    82.998759   -6637.4742   -6554.4754    24913.176     1176.335    1277.0296    997.22267    1254.7528    29.206288    29.206288    29.206288   -6536.1839 
   21280    312.32957    82.641005     -6636.96    -6554.319    24914.164    1079.8261    1124.7418    1095.9502    1018.7864    29.206674    29.206674    29.206674   -6537.5275 
   21290    311.67715    82.468377   -6636.6151   -6554.1467    24915.246     977.5681    936.85223    1215.5837    780.26837    29.207097    29.207097    29.207097   -6538.9447 
   21300    313.28577    82.894011    -6636.843    -6553.949    24916.413    866.56386    708.39226    1271.8521    619.44723    29.207553    29.207553    29.207553   -6540.4725 
   21310    317.51801    84.013842   -6637.7403   -6553.7264    24917.655    727.13222    467.03242    1171.6115    542.75277    29.208038    29.208038    29.208038   -6542.4178 
   21320    322.91803    85.442664   -6638.9393   -6553.4966    24918.962    598.14009    309.54604     928.6684    556.20583    29.208549    29.208549    29.208549   -6544.1936 
   21330    327.03406    86.531746   -6639.8234   -6553.2917    24920.321    505.61411    293.99296     609.3049    613.54447     29.20908     29.20908     29.20908   -6545.4273 
   21340    328.20089    86.840484   -6639.9866   -6553.1461    24921.727    439.99412    357.80095    326.94342    635.23799    29.209629    29.209629    29.209629    -6546.302 
   21350    326.00691    86.259967    -6639.342   -6553.0821    24923.172     409.8793    420.43999    171.51061     637.6873    29.210194    29.210194    29.210194   -6546.7061 
   21360    321.32702    85.021689   -6638.1239   -6553.1022    24924.655    394.09266    423.89902    114.80433    643.57464    29.210773    29.210773    29.210773   -6546.9714 
   21370     316.0773    83.632636   -6636.8248   -6553.1922    24926.175     376.5294     357.1522    130.10958    642.32643    29.211367    29.211367    29.211367   -6547.3342 
   21380    312.24171    82.617755   -6635.9485   -6553.3308    24927.728    349.01347    233.54593    202.94744    610.54706    29.211974    29.211974    29.211974   -6547.9006 
   21390    311.03292    82.297917   -6635.7997   -6553.5018    24929.314    289.05196     67.32147    263.30583    536.52858    29.212593    29.212593    29.212593   -6549.0043 
   21400    312.46965     82.67807   -6636.3793   -6553.7012    24930.927    166.06033    -137.6764    244.80333    391.05407    29.213223    29.213223    29.213223   -6551.1172 
   21410    315.55085     83.49334   -6637.4313   -6553.9379    24932.556   -26.655471    -373.5144     127.8688    165.67919     29.21386     29.21386     29.21386   -6554.3527 
   21420    318.52406    84.280038   -6638.5089   -6554.2289    24934.186   -237.34069   -603.47518    -56.55687   -51.990023    29.214496    29.214496    29.214496   -6557.9225 
   21430    319.78598    84.613936   -6639.2016   -6554.5877    24935.799   -425.04984   -794.18611   -274.92562   -206.03778    29.215126    29.215126    29.215126    -6561.203 
   21440    319.04888    84.418903   -6639.4326   -6555.0137    24937.378   -578.41936   -906.92947   -474.78795   -353.54067    29.215743    29.215743    29.215743   -6564.0166 
   21450    317.03643    83.886418   -6639.3753   -6555.4889    24938.911   -680.19288   -906.41034   -607.16576   -527.00254    29.216341    29.216341    29.216341   -6566.0766 
   21460    314.55694    83.230356   -6639.2137   -6555.9833    24940.389   -735.47926    -835.6411   -673.57872   -697.21798    29.216919    29.216919    29.216919   -6567.4322 
   21470    312.38355    82.655287   -6639.1203    -6556.465    24941.807   -824.47608   -828.27019    -755.9044   -889.25365    29.217472    29.217472    29.217472      -6569.3 
   21480    311.10188    82.316163   -6639.2269   -6556.9107    24943.157   -966.25179   -916.36454   -896.10782    -1086.283    29.217999    29.217999    29.217999   -6571.9536 
   21490    310.75643    82.224759   -6639.5346   -6557.3098    24944.426   -1101.3409   -1061.1587   -1056.4683   -1186.3958    29.218495    29.218495    29.218495   -6574.4567 
   21500    310.97425    82.282393   -6639.9452   -6557.6628    24945.604    -1221.199   -1257.5301    -1223.622   -1182.4449    29.218955    29.218955    29.218955   -6576.6766 
   21510     311.1435    82.327176   -6640.3031    -6557.976     24946.68   -1319.9003   -1445.5121   -1401.7866   -1112.4023    29.219375    29.219375    29.219375   -6578.5275 
   21520    310.58698    82.179923   -6640.4359    -6558.256    24947.646   -1362.3149   -1534.6061   -1533.7713   -1018.5674    29.219752    29.219752    29.219752   -6579.4687 
   21530    309.06927    81.778344    -6640.284   -6558.5057    24948.498   -1359.2636   -1523.1233   -1577.9551   -976.71248    29.220085    29.220085    29.220085   -6579.6716 
   21540    306.88392     81.20011   -6639.9234   -6558.7232    24949.236   -1332.5176   -1463.7115   -1541.7077   -992.13365    29.220373    29.220373    29.220373   -6579.4733 
   21550    304.66543    80.613107   -6639.5171    -6558.904    24949.861   -1311.7526   -1399.9619    -1497.241   -1038.0548    29.220617    29.220617    29.220617   -6579.3312 
   21560    303.37355    80.271281   -6639.3149   -6559.0436    24950.375   -1354.7116   -1391.3281   -1533.9417    -1138.865    29.220817    29.220817    29.220817   -6580.1403 
   21570    303.64359    80.342732   -6639.4846   -6559.1418    24950.774   -1479.5641   -1481.9788   -1650.0125   -1306.7009    29.220973    29.220973    29.220973   -6582.1831 
   21580    305.29792     80.78046   -6639.9846   -6559.2041    24951.047   -1617.3019   -1636.0466   -1758.7763   -1457.0827     29.22108     29.22108     29.22108   -6584.3907 
   21590    307.44527     81.34864   -6640.5895   -6559.2408    24951.183   -1696.6621   -1774.5601   -1795.9279   -1519.4982    29.221133    29.221133    29.221133   -6585.6635 
   21600    309.13092    81.794654   -6641.0581   -6559.2635    24951.176   -1716.8835   -1857.9921   -1776.8053   -1515.8531     29.22113     29.22113     29.22113    -6586.001 
   21610    309.92458    82.004654   -6641.2858   -6559.2811    24951.022    -1685.674   -1852.3728   -1733.8131   -1470.8361     29.22107     29.22107     29.22107   -6585.5325 
   21620    309.94661    82.010483   -6641.3086   -6559.2981    24950.725   -1636.2982   -1801.2239   -1706.6266   -1401.0443    29.220954    29.220954    29.220954   -6584.7802 
   21630    309.72136    81.950883   -6641.2659    -6559.315    24950.288   -1604.5573   -1781.3111   -1715.9055   -1316.4554    29.220783    29.220783    29.220783   -6584.3024 
   21640    309.53399    81.901305   -6641.2324   -6559.3311    24949.713   -1591.3843   -1775.6255   -1759.6111   -1238.9164    29.220559    29.220559    29.220559   -6584.1127 
   21650    309.06548     81.77734   -6641.1224   -6559.3451    24949.002   -1569.5939    -1733.961    -1769.857   -1204.9637    29.220281    29.220281    29.220281   -6583.7867 
   21660     307.9451    81.480893    -6640.835   -6559.3542    24948.156   -1530.2868   -1658.6235   -1687.2165   -1245.0202    29.219951    29.219951    29.219951   -6583.1829 
   21670    306.64535    81.136984   -6640.4894   -6559.3524    24947.178   -1478.8036   -1557.9445   -1512.3243   -1366.1419    29.219569    29.219569    29.219569   -6582.3786 
   21680    306.31887    81.050601   -6640.3837   -6559.3331    24946.073   -1414.5017   -1444.5183   -1293.8238    -1505.163    29.219138    29.219138    29.219138   -6581.3571 
   21690    307.53759    81.373069   -6640.6668   -6559.2938    24944.846   -1339.3298   -1343.7053   -1110.2981    -1563.986    29.218659    29.218659    29.218659   -6580.1463 
   21700    309.54991    81.905518   -6641.1439   -6559.2384    24943.503   -1235.3112   -1248.2091   -975.66361    -1482.061    29.218134    29.218134    29.218134   -6578.4704 
   21710    310.74319    82.221254   -6641.3966   -6559.1754    24942.053   -1107.4082   -1153.7469   -882.44859   -1286.0291    29.217568    29.217568    29.217568   -6576.4151 
   21720    309.94217    82.009309    -6641.119   -6559.1097    24940.507   -978.01609   -1057.4739   -830.06225   -1046.5121    29.216964    29.216964    29.216964   -6574.3341 
   21730    307.28833    81.307113   -6640.3438   -6559.0367    24938.875   -826.24072   -906.66364   -761.90832    -810.1502    29.216327    29.216327    29.216327   -6571.8977 
   21740    304.24025    80.500606   -6639.4426    -6558.942     24937.17     -646.749   -704.29185   -626.93595   -609.01921    29.215662    29.215662    29.215662   -6569.0084 
   21750    302.52128    80.045774    -6638.853   -6558.8072    24935.408   -454.57097   -499.77084   -436.60244   -427.33963    29.214973    29.214973    29.214973   -6565.8819 
   21760    302.84747    80.132082   -6638.7498   -6558.6178    24933.605   -278.44693   -331.05002   -243.27368    -261.0171    29.214269    29.214269    29.214269   -6562.9511 
   21770    304.97893    80.696058   -6639.0638   -6558.3677    24931.775   -140.75361   -204.87444   -91.947668   -125.43874    29.213554    29.213554    29.213554    -6560.558 
   21780    308.35921    81.590464   -6639.6524   -6558.0619     24929.93   -48.656168   -121.56935   -17.079294   -7.3198552    29.212834    29.212834    29.212834    -6558.819 
   21790    312.12373     82.58654   -6640.3023   -6557.7158    24928.077   -6.7848506   -97.849232   -22.769629    100.26431     29.21211     29.21211     29.21211   -6557.8214 
   21800     315.1634    83.390823   -6640.7434   -6557.3526    24926.222    25.839452   -98.229164  -0.32104465    176.06857    29.211385    29.211385    29.211385   -6556.9506 
   21810     316.5571    83.759588   -6640.7559   -6556.9964    24924.366    100.46792   -44.290086    135.02512    210.66873     29.21066     29.21066     29.21066   -6555.4334 
   21820    316.00961    83.614726   -6640.2782   -6556.6635    24922.516    195.81125     61.00402    307.71449    218.71523    29.209937    29.209937    29.209937   -6553.6176 
   21830    314.21451     83.13975   -6639.4981   -6556.3583     24920.68    309.12485     182.7994    465.55653    279.01863     29.20922     29.20922     29.20922   -6551.5501 
   21840     312.6201    82.717878   -6638.7937   -6556.0758    24918.868    452.88908    275.87692    611.95306    470.83725    29.208512    29.208512    29.208512    -6549.032 
   21850    312.72399    82.745367   -6638.5548   -6555.8094    24917.092    619.95394    322.88512    746.03156    790.94515    29.207818    29.207818    29.207818   -6546.1679 
   21860    314.91725    83.325692   -6638.8856   -6555.5599    24915.366    799.21793    393.06367    875.47763    1129.1125    29.207144    29.207144    29.207144   -6543.1313 
   21870    317.99029    84.138806   -6639.4769   -6555.3381    24913.706    974.75484    564.87993    999.76499    1359.6196    29.206495    29.206495    29.206495   -6540.1807 
   21880     319.9773    84.664559   -6639.8246     -6555.16    24912.126    1143.7263    841.33968    1145.6742     1444.165    29.205878    29.205878    29.205878   -6537.3763 
   21890    319.43061    84.519907   -6639.5562   -6555.0363    24910.641    1299.9068    1144.6321    1329.8898    1425.1985    29.205298    29.205298    29.205298   -6534.8254 
   21900    316.25139      83.6787   -6638.6423   -6554.9636    24909.264    1418.0893    1380.8815     1498.005    1375.3814    29.204759    29.204759    29.204759   -6532.9164 
   21910    311.79487    82.499526   -6637.4241   -6554.9246    24908.006     1534.369     1549.755    1630.9787    1422.3734    29.204268    29.204268    29.204268   -6531.0707 
   21920    308.10625    81.523532   -6636.4191   -6554.8956    24906.876    1690.9473    1681.3686    1758.3377    1633.1356    29.203826    29.203826    29.203826   -6528.6087 
   21930     306.9167    81.208783   -6636.0662   -6554.8574    24905.889    1822.4205    1763.2266    1825.3482    1878.6868     29.20344     29.20344     29.20344   -6526.5279 
   21940    308.77959    81.701695   -6636.5048   -6554.8031    24905.054    1833.9547    1768.0914    1747.2005    1986.5722    29.203114    29.203114    29.203114   -6526.2952 
   21950    312.55607    82.700935   -6637.4407   -6554.7398    24904.372    1713.9995    1700.1808    1523.8667    1917.9509    29.202847    29.202847    29.202847   -6528.0972 
   21960    316.15637    83.653558   -6638.3388   -6554.6852    24903.835    1544.7578    1623.9356    1276.6107    1733.7273    29.202638    29.202638    29.202638   -6530.6739 
   21970    317.96137    84.131154     -6638.79   -6554.6589    24903.429    1432.0062    1605.8838    1154.0963    1536.0383    29.202479    29.202479    29.202479   -6532.4005 
   21980    317.79418    84.086916   -6638.7611   -6554.6741    24903.145    1413.0135    1618.5283    1199.1133    1421.3989    29.202368    29.202368    29.202368   -6532.7112 
   21990    316.75746    83.812603   -6638.5496    -6554.737    24902.981    1445.5254    1578.6258    1326.1611    1431.7894    29.202304    29.202304    29.202304   -6532.2689 
   22000    316.19577    83.663984    -6638.516    -6554.852     24902.94    1466.3121    1452.9451      1435.47    1510.5213    29.202288    29.202288    29.202288   -6532.0608 
   22010    316.77615    83.817548   -6638.8475     -6555.03    24903.023     1423.507    1254.7904    1444.5681    1571.1625     29.20232     29.20232     29.20232    -6532.904 
   22020    318.02741    84.148626   -6639.4413   -6555.2927    24903.226    1301.5963    1021.1111    1317.2952    1566.3826    29.202399    29.202399    29.202399   -6535.0615 
   22030    318.47849    84.267981   -6639.9362   -6555.6682    24903.541    1166.7041     841.2802    1156.1145    1502.7175    29.202522    29.202522    29.202522   -6537.5335 
   22040    316.99309    83.874951   -6640.0485   -6556.1735    24903.955    1095.9669     797.9775    1071.0153    1418.9078    29.202685    29.202685    29.202685    -6539.138 
   22050    313.82201    83.035898   -6639.8291   -6556.7932    24904.465    1085.6086    877.38065    1044.2109    1335.2344    29.202884    29.202884    29.202884   -6539.9183 
   22060     310.2431    82.088933   -6639.5591   -6557.4702    24905.067    1103.5799    1015.6594    1023.1038    1271.9765    29.203119    29.203119    29.203119   -6540.3155 
   22070     307.8233    81.448666   -6639.5757   -6558.1271    24905.765    1103.8058     1110.486    985.82806    1215.1034    29.203392    29.203392    29.203392   -6540.9685 
   22080    307.55195    81.376867   -6640.0812   -6558.7043    24906.557    1011.4334    1060.9119     900.2024    1073.1858    29.203701    29.203701    29.203701   -6542.9811 
   22090    309.08281    81.781926   -6640.9632   -6559.1812    24907.436    831.59291    889.90942     760.7153    844.15402    29.204045    29.204045    29.204045   -6546.2533 
   22100    310.94135    82.273688   -6641.8418   -6559.5681    24908.386    634.99948    683.29936    602.92263    618.77645    29.204416    29.204416    29.204416    -6549.696 
   22110     311.5909    82.445555   -6642.3317   -6559.8861    24909.394    482.82846    491.44337    487.16415    469.87786     29.20481     29.20481     29.20481   -6552.3795 
   22120    310.27768    82.098083   -6642.2505   -6560.1524    24910.444    407.56951     356.8578    445.77383    420.07691    29.205221    29.205221    29.205221   -6553.8156 
   22130    307.22596    81.290612   -6641.6639   -6560.3733    24911.531    375.99207    282.59861    429.13576    416.24184    29.205645    29.205645    29.205645   -6554.5272 
   22140    303.74542    80.369677   -6640.9162   -6560.5466    24912.653    347.05431    249.79758    394.80347    396.56187    29.206084    29.206084    29.206084   -6555.1501 
   22150     301.7353    79.837807   -6640.5058    -6560.668    24913.806     298.0883    214.88101    334.73219     344.6517    29.206534    29.206534    29.206534   -6556.0327 
   22160    302.30015    79.987264   -6640.7256   -6560.7383    24914.986    247.31488    169.19615    281.08072    291.66776    29.206995    29.206995    29.206995   -6556.8924 
   22170    304.77834    80.642983   -6641.4095   -6560.7665     24916.19    202.23577    108.47479     254.2869    243.94563    29.207466    29.207466    29.207466   -6557.6214 
   22180    307.42239    81.342586   -6642.1094   -6560.7669    24917.413    149.96237    32.731571    231.84066    185.31489    29.207944    29.207944    29.207944   -6558.4346 
   22190    308.64127    81.665097   -6642.4181    -6560.753     24918.65    75.040501   -49.561406    183.27963    91.403283    29.208427    29.208427    29.208427   -6559.5859 
   22200    307.97125    81.487813    -6642.219   -6560.7312    24919.897   -20.674463   -112.66278    88.235297   -37.595904    29.208914    29.208914    29.208914   -6561.0528 
   22210    306.12274    80.998706   -6641.6971   -6560.6984    24921.144   -100.90324   -106.45623   -30.579419   -165.67407    29.209401    29.209401    29.209401   -6562.2679 
   22220    304.24137    80.500903   -6641.1464   -6560.6455    24922.385   -137.85036   -46.418972   -115.88829   -251.24382    29.209886    29.209886    29.209886   -6562.7898 
   22230    303.26858    80.243507   -6640.8062   -6560.5627    24923.616   -144.23443   -33.976803   -144.52053   -254.20594    29.210367    29.210367    29.210367   -6562.8064 
   22240    303.48138    80.299811   -6640.7438    -6560.444    24924.838   -151.44692   -118.19233   -145.75419   -190.39423    29.210845    29.210845    29.210845   -6562.8001 
   22250    304.59406    80.594223   -6640.8829   -6560.2887    24926.049   -187.09032   -269.98603   -157.44939   -133.83555    29.211318    29.211318    29.211318   -6563.1994 
   22260    306.00254      80.9669   -6641.0675   -6560.1006    24927.246    -252.3432   -437.90482   -196.46243   -122.66234    29.211785    29.211785    29.211785   -6564.0267 
   22270     306.9386    81.214576   -6641.1006    -6559.886    24928.424   -326.94573   -560.23043   -272.97012   -147.63663    29.212245    29.212245    29.212245    -6564.973 
   22280    307.14166    81.268305   -6640.9183     -6559.65    24929.576   -385.22688    -605.9628    -353.7434   -195.97442    29.212695    29.212695    29.212695    -6565.644 
   22290    307.08992    81.254616   -6640.6496   -6559.3949    24930.698   -421.33699    -614.4726   -410.36573   -239.17262    29.213134    29.213134    29.213134   -6565.9512 
   22300    307.44092     81.34749   -6640.4699   -6559.1224    24931.786   -431.84222   -611.88355   -428.16864   -255.47448    29.213558    29.213558    29.213558   -6565.8424 
   22310    308.29974     81.57473   -6640.4104   -6558.8356    24932.839   -430.14918   -605.03678    -414.7196   -270.69117     29.21397     29.21397     29.21397   -6565.5296 
   22320    309.11204     81.78966   -6640.3308   -6558.5411    24933.858   -435.89647   -617.26578   -402.07176   -288.35186    29.214368    29.214368    29.214368   -6565.3247 
   22330    309.37062    81.858078   -6640.1039   -6558.2458    24934.841   -464.47504   -664.40103   -421.77705   -307.24704    29.214752    29.214752    29.214752   -6565.4745 
   22340    309.16487    81.803638   -6639.7579   -6557.9543    24935.786   -501.59763   -716.97299   -454.42379   -333.39612    29.215121    29.215121    29.215121    -6565.761 
   22350    309.16601    81.803939   -6639.4725   -6557.6686    24936.691   -534.74476   -743.27296   -477.61129   -383.35003    29.215474    29.215474    29.215474   -6565.9915 
   22360    309.86465    81.988797   -6639.3794   -6557.3906    24937.552   -553.68074   -714.03931   -497.28459   -449.71833     29.21581     29.21581     29.21581   -6566.0085 
   22370    310.87241    82.255446   -6639.3802   -6557.1248    24938.367   -570.43252    -653.1688   -537.73037   -520.39841    29.216129    29.216129    29.216129   -6566.0037 
   22380    311.54442    82.433256   -6639.3102    -6556.877    24939.135   -605.96505   -628.16357    -609.0622   -580.66938    29.216429    29.216429    29.216429   -6566.3093 
   22390    311.71936    82.479546   -6639.1307   -6556.6511    24939.853   -635.98292    -644.9384   -658.89645   -604.11389    29.216709    29.216709    29.216709    -6566.551 
   22400    311.52822    82.428971   -6638.8766   -6556.4477    24940.519    -631.3213   -673.83571   -646.30952   -573.81867    29.216969    29.216969    29.216969   -6566.2752 
   22410    311.30417    82.369688   -6638.6344   -6556.2647    24941.132   -631.40033   -749.66174   -621.68418   -522.85507    29.217208    29.217208    29.217208   -6566.0937 
   22420    311.47116    82.413873   -6638.5138   -6556.0999    24941.692    -665.8248   -873.61437   -629.18515   -494.67488    29.217427    29.217427    29.217427    -6566.465 
   22430    312.06473    82.570929   -6638.5235   -6555.9525    24942.196   -710.65205   -973.18978   -656.05212   -502.71426    29.217624    29.217624    29.217624   -6567.0157 
   22440    312.65029    82.725864   -6638.5498    -6555.824    24942.641   -762.57034   -1023.3399   -696.41213   -567.95899    29.217798    29.217798    29.217798   -6567.6956 
   22450    312.73935    82.749431    -6638.465   -6555.7155    24943.021   -824.50867   -1018.3613   -747.67462   -707.49009    29.217946    29.217946    29.217946   -6568.5517 
   22460    312.52695    82.693229   -6638.3197   -6555.6264    24943.332   -891.71447   -981.74392   -796.40721   -896.99229    29.218068    29.218068    29.218068    -6569.509 
   22470    312.97116    82.810766   -6638.3655   -6555.5547    24943.568   -970.05231   -984.51256   -852.10351   -1073.5409     29.21816     29.21816     29.21816   -6570.6571 
   22480    314.90604    83.322725   -6638.8248   -6555.5021    24943.722   -1054.6274   -1063.1513   -947.51948   -1153.2116     29.21822     29.21822     29.21822   -6571.9212 
   22490    318.22735    84.201529   -6639.6792   -6555.4776    24943.786    -1121.311   -1171.2638   -1069.7461   -1122.9232    29.218245    29.218245    29.218245    -6572.935 
   22500    321.73246    85.128968   -6640.6274   -6555.4984    24943.755   -1147.1783    -1258.802   -1161.1126   -1021.6203    29.218233    29.218233    29.218233   -6573.3584 
   22510    323.45577    85.584947   -6641.1674   -6555.5824    24943.626   -1130.1161   -1297.9025   -1195.1143    -897.3315    29.218183    29.218183    29.218183   -6573.1767 
   22520    321.69232    85.118346   -6640.8559   -6555.7376    24943.402   -1061.9252   -1261.9364   -1166.3839   -757.45543    29.218095    29.218095    29.218095   -6572.2701 
   22530     316.4589    83.733605   -6639.6852   -6555.9515    24943.087   -937.79922    -1129.951   -1076.1729    -607.2738    29.217972    29.217972    29.217972   -6570.5514 
   22540    309.93562    82.007574   -6638.2013   -6556.1937    24942.692   -797.78012   -934.67616   -957.54108   -501.12311    29.217818    29.217818    29.217818   -6568.6136 
   22550    305.04817    80.714379   -6637.1437   -6556.4293    24942.228   -710.87815   -782.47079   -852.40518   -497.75848    29.217637    29.217637    29.217637    -6567.496 
   22560    303.95313    80.424634     -6637.06   -6556.6353    24941.703   -696.36898    -731.3963   -768.06546   -589.64517    29.217431    29.217431    29.217431    -6567.476 
   22570    306.93304    81.213105   -6638.0225   -6556.8093    24941.117    -711.8715   -746.98481   -702.67545   -685.95426    29.217203    29.217203    29.217203   -6567.8911 
   22580    311.93602    82.536873   -6639.5045   -6556.9677    24940.469   -724.96847   -791.17809   -652.78978   -730.93755     29.21695     29.21695     29.21695    -6568.253 
   22590    315.80125    83.559594   -6640.6949   -6557.1353    24939.759   -715.58586   -818.05676   -616.50385   -712.19696    29.216672    29.216672    29.216672   -6568.2742 
   22600    316.30003     83.69157   -6641.0221   -6557.3305    24938.987   -667.49866   -768.44577   -577.43008   -656.62011    29.216371    29.216371    29.216371   -6567.7206 
   22610    313.26373    82.888179    -6640.441   -6557.5528    24938.157    -610.0553   -662.43316   -539.51752   -628.21522    29.216047    29.216047    29.216047   -6567.0484 
   22620    308.57362    81.647197   -6639.4304   -6557.7832    24937.274   -555.50057   -570.41231   -515.75679    -580.3326    29.215702    29.215702    29.215702   -6566.4294 
   22630    304.97212    80.694257   -6638.6909   -6557.9967    24936.342   -470.90695   -498.74176   -483.80032   -430.17877    29.215338    29.215338    29.215338   -6565.3259 
   22640     304.0294    80.444817   -6638.6209   -6558.1761    24935.369   -370.09968   -450.10351   -433.79879   -226.39675    29.214958    29.214958    29.214958   -6563.9361 
   22650     305.1353    80.737433   -6639.0555    -6558.318    24934.362    -313.9956   -453.06276   -384.39896   -104.52507    29.214565    29.214565    29.214565   -6563.2047 
   22660    306.61565    81.129126   -6639.5576   -6558.4284    24933.327   -299.86722   -490.18326   -320.84065   -88.577747    29.214161    29.214161    29.214161    -6563.095 
   22670    307.22125    81.289367   -6639.8042   -6558.5148    24932.265   -274.31004   -519.16102   -225.66934   -78.099756    29.213746    29.213746    29.213746   -6562.7835 
   22680    306.95799    81.219708   -6639.8005   -6558.5807    24931.177   -259.76312   -533.67121   -183.27126   -62.346881    29.213321    29.213321    29.213321   -6562.6229 
   22690    306.94066    81.215122   -6639.8414   -6558.6263    24930.065    -294.2839   -521.35674   -252.20664   -109.28832    29.212887    29.212887    29.212887   -6563.2054 
   22700    308.33124    81.583064   -6640.2365   -6558.6534    24928.927   -325.36275     -453.356   -347.49162   -175.24062    29.212442    29.212442    29.212442   -6563.7159 
   22710     311.1836    82.337784   -6641.0084   -6558.6707    24927.759   -309.93289   -362.01915     -391.029    -176.7505    29.211986    29.211986    29.211986   -6563.4928 
   22720    313.97729    83.076982   -6641.7691   -6558.6921    24926.563   -274.68189   -322.90994   -393.02303    -108.1127    29.211519    29.211519    29.211519   -6562.9656 
   22730    314.67016    83.260315   -6641.9896   -6558.7293    24925.342   -236.34537   -342.03299   -347.13277   -19.870365    29.211042    29.211042    29.211042   -6562.4062 
   22740    312.47901    82.680546   -6641.4617   -6558.7812    24924.099   -176.41689   -342.65417   -233.62124    47.024746    29.210556    29.210556    29.210556   -6561.5256 
   22750    308.51502    81.631691   -6640.4645   -6558.8328    24922.839   -82.747497   -289.59723   -64.711534    106.06627    29.210064    29.210064    29.210064     -6560.12 
   22760    305.02073    80.707118   -6639.5724   -6558.8653     24921.57    31.677869   -201.83973     124.3888    172.48454    29.209568    29.209568    29.209568   -6558.3726 
   22770    303.86109    80.400283   -6639.2683   -6558.8681    24920.302     143.7945   -83.573608    292.87095    222.08617    29.209073    29.209073    29.209073   -6556.6315 
   22780    305.52701    80.841077   -6639.6845   -6558.8435    24919.044    228.62057    39.674072    401.38391    244.80374    29.208581    29.208581    29.208581   -6555.2877 
   22790    309.03806    81.770085    -6640.575   -6558.8049    24917.803    284.61932    108.65541    459.84467    285.35788    29.208096    29.208096    29.208096   -6554.3784 
   22800    312.23957     82.61719    -6641.387   -6558.7698    24916.584    330.72456    113.94065    488.45673    389.77631     29.20762     29.20762     29.20762   -6553.6265 
   22810    313.12957     82.85268   -6641.6034   -6558.7507    24915.392    388.84773    104.11093    515.12792    547.30435    29.207154    29.207154    29.207154   -6552.7038 
   22820    311.24955    82.355235   -6641.1037   -6558.7484     24914.23    462.57616    132.87029    575.90402    678.95416      29.2067      29.2067      29.2067   -6551.5553 
   22830    307.84398    81.454136   -6640.2058   -6558.7517    24913.106    520.68584    220.87284    639.29564    701.88904    29.206261    29.206261    29.206261   -6550.6552 
   22840    305.04967    80.714774   -6639.4587   -6558.7439    24912.024     555.0531    362.39436    660.76506    641.99986    29.205838    29.205838    29.205838   -6550.1135 
   22850    304.50131    80.569682   -6639.2826   -6558.7129    24910.988    562.10894      497.834    604.64682    583.84601    29.205433    29.205433    29.205433   -6549.9731 
   22860    306.53089    81.106699   -6639.7635   -6558.6568    24909.997    547.15325    589.08983    484.98396    567.38596    29.205046    29.205046    29.205046   -6550.1499 
   22870    310.23039    82.085571   -6640.6708   -6558.5853    24909.052    530.74428    645.72326    361.13936    585.37023    29.204676    29.204676    29.204676   -6550.3338 
   22880    313.91103    83.059452   -6641.5753   -6558.5158     24908.15     539.8617    690.33378    297.26259    631.98873    29.204324    29.204324    29.204324   -6550.1229 
   22890    315.98193    83.607403    -6642.074   -6558.4666    24907.293    586.30301    737.20763    335.86978    685.83162    29.203989    29.203989    29.203989    -6549.352 
   22900    315.80558    83.560741   -6642.0091   -6558.4483    24906.484    662.58341    801.18128    469.11554    717.45342    29.203673    29.203673    29.203673   -6548.1482 
   22910    313.82363    83.036327   -6641.4968   -6558.4604    24905.731    751.66085     869.8143    640.09653    745.07174    29.203378    29.203378    29.203378   -6546.7759 
   22920    311.16256    82.332218   -6640.8251   -6558.4929     24905.04    828.46253    904.29393    790.15617     790.9375    29.203108    29.203108    29.203108   -6545.6149 
   22930    309.05454    81.774445    -6640.307   -6558.5326    24904.418    878.42569    907.29542    884.87505     843.1066    29.202865    29.202865    29.202865   -6544.8782 
   22940    308.30326    81.575661   -6640.1446    -6558.569     24903.87    906.74477    911.94887    923.09763    885.18781    29.202651    29.202651    29.202651   -6544.4747 
   22950    308.88755     81.73026   -6640.3288   -6558.5986    24903.398    927.55244    928.39452    936.06385    918.19895    29.202467    29.202467    29.202467   -6544.1812 
   22960    309.70846    81.947469   -6640.5712   -6558.6237    24903.004    955.74552    941.02378    943.80988    982.40289    29.202313    29.202313    29.202313   -6543.7684 
   22970    309.53123    81.900576   -6640.5486    -6558.648    24902.692     1007.748    956.99425    975.14731    1091.1024     29.20219     29.20219     29.20219   -6542.9846 
   22980    308.13193    81.530327   -6640.2008   -6558.6705    24902.464    1104.3427     1022.316    1075.4966    1215.2155    29.202102    29.202102    29.202102   -6541.5058 
   22990    306.31119    81.048567   -6639.7325   -6558.6839    24902.331     1238.133    1136.3211     1253.135    1324.9429    29.202049    29.202049    29.202049   -6539.4399 
   23000    305.28374    80.776709   -6639.4557    -6558.679    24902.302    1353.9979    1223.3192    1444.9259    1393.7487    29.202038    29.202038    29.202038    -6537.634 
   23010    305.79805    80.912793   -6639.5618    -6558.649    24902.388    1404.8879    1246.2747    1568.6376    1399.7513    29.202072    29.202072    29.202072    -6536.813 
   23020    307.63202    81.398053   -6639.9922   -6558.5942    24902.593    1405.7519    1244.0415    1607.2732    1365.9411    29.202152    29.202152    29.202152   -6536.7446 
   23030    309.61776    81.923471   -6640.4444   -6558.5209    24902.918    1365.3964    1224.0801    1576.9311    1295.1779    29.202279    29.202279    29.202279   -6537.2983 
   23040    310.39944      82.1303   -6640.5673    -6558.437     24903.36    1276.6507    1147.5473    1491.7131    1190.6916    29.202452    29.202452    29.202452   -6538.5935 
   23050    309.60218    81.919349    -6640.265   -6558.3457    24903.911    1202.2883    1056.1532    1399.7134    1150.9982    29.202667    29.202667    29.202667   -6539.6576 
   23060    307.84685    81.454897   -6639.6971   -6558.2422    24904.566    1190.9355    1012.3294    1349.2507    1211.2263    29.202923    29.202923    29.202923     -6539.73 
   23070    306.21219    81.022373   -6639.1382   -6558.1158    24905.324    1186.2607    984.17392    1327.4793    1247.1288    29.203219    29.203219    29.203219   -6539.6758 
   23080    305.82435    80.919752   -6638.8749   -6557.9552    24906.183    1124.4023    938.96079    1285.3363    1148.9099    29.203555    29.203555    29.203555   -6540.4761 
   23090    307.28468    81.306148   -6639.0597   -6557.7535     24907.14    1011.2794    886.83535    1212.4509    934.55181    29.203929    29.203929    29.203929   -6542.0324 
   23100    310.30877    82.106308   -6639.6198   -6557.5135    24908.184    888.49536    843.75348    1124.4388    697.29382    29.204337    29.204337    29.204337   -6543.7006 
   23110     313.7604    83.019596   -6640.2674   -6557.2478    24909.306    776.93554    810.65342     1003.021    517.13223    29.204776    29.204776    29.204776   -6545.1687 
   23120     316.1818    83.660285   -6640.6355   -6556.9752    24910.496    656.98314    734.57832     822.5432     413.8279    29.205241    29.205241    29.205241   -6546.7605 
   23130    316.83907    83.834197   -6640.5467   -6556.7125    24911.745      518.363    569.72424    599.48996    385.87479    29.205729    29.205729    29.205729   -6548.6526 
   23140    316.18118    83.660124   -6640.1282   -6556.4681     24913.04    390.71082    363.83704    383.27595    425.01946    29.206235    29.206235    29.206235   -6550.3927 
   23150    315.39007    83.450797    -6639.693   -6556.2422    24914.372    302.52533    184.83244    244.75683    477.98672    29.206755    29.206755    29.206755   -6551.5378 
   23160     315.5922    83.504281   -6639.5369   -6556.0326    24915.732    272.58973    75.314196    248.32346    494.13154    29.207287    29.207287    29.207287   -6551.7935 
   23170     317.1436    83.914774   -6639.7559   -6555.8411    24917.118    274.08034    14.129101    364.25899    443.85292    29.207829    29.207829    29.207829   -6551.5786 
   23180    319.29449     84.48389   -6640.1602   -6555.6763    24918.531    268.44277   -16.488066    489.07647    332.73992     29.20838     29.20838     29.20838   -6551.5012 
   23190    320.60831     84.83152   -6640.3828   -6555.5513    24919.969    260.85169   -10.639493     552.5369    240.65766    29.208942    29.208942    29.208942   -6551.4941 
   23200    319.68867    84.588189   -6640.0639   -6555.4757    24921.432    283.13538    50.606383    555.81403    242.98571    29.209514    29.209514    29.209514   -6551.0716 
   23210    315.97665    83.606005   -6639.0536   -6555.4476    24922.923    320.49448    144.27208    508.74149    308.46988    29.210096    29.210096    29.210096   -6550.4621 
   23220    310.51159    82.159974   -6637.6099     -6555.45    24924.444    343.75985    233.31492    429.87515    368.08947    29.210691    29.210691    29.210691   -6550.1022 
   23230    305.70785    80.888927   -6636.3449    -6555.456    24925.997    370.10357    312.67742    387.16556    410.46774    29.211297    29.211297    29.211297   -6549.6981 
   23240    303.94074    80.421356   -6635.8623   -6555.4409    24927.585    388.11706    370.68111    403.62376    390.04631    29.211918    29.211918    29.211918   -6549.4024 
   23250     306.0022    80.966811   -6636.3592   -6555.3924    24929.208    352.41588    366.90754    403.22956    287.11054    29.212552    29.212552    29.212552   -6549.9089 
   23260    310.63237    82.191933   -6637.5068   -6555.3148    24930.865    253.67196    224.38461    351.24286    185.38841    29.213199    29.213199    29.213199   -6551.3675 
   23270    315.19143     83.39824   -6638.6254   -6555.2271    24932.546    109.40933   -72.233074    254.43693    146.02413    29.213855    29.213855    29.213855   -6553.5245 
   23280    317.40121    83.982938   -6639.1356   -6555.1526     24934.24   -55.217726   -398.40175    100.38503    132.36354    29.214517    29.214517    29.214517    -6556.012 
   23290    316.85681     83.83889    -6638.946   -6555.1072    24935.932   -230.34567   -618.47246   -115.34297     42.77843    29.215178    29.215178    29.215178   -6558.6922 
   23300    315.12702    83.381196   -6638.4748   -6555.0936    24937.608   -440.47787   -729.97923     -388.547   -202.90738    29.215832    29.215832    29.215832   -6561.9496 
   23310    314.43026    83.196838   -6638.3051   -6555.1083     24939.25   -664.30601    -791.3877   -671.06962   -530.46069    29.216474    29.216474    29.216474   -6565.4488 
   23320    315.91588    83.589925   -6638.7426   -6555.1526    24940.838    -858.2728   -840.30828    -921.8653   -812.64481    29.217094    29.217094    29.217094   -6568.5132 
   23330    318.79503    84.351735   -6639.5916   -6555.2399    24942.357   -1021.5773    -927.8922   -1134.0824   -1002.7572    29.217687    29.217687    29.217687   -6571.1436 
   23340    320.93625    84.918293   -6640.3109   -6555.3926    24943.792    -1136.861   -1057.2471   -1284.6896   -1068.6464    29.218247    29.218247    29.218247   -6573.0921 
   23350    320.40133    84.776756   -6640.4069   -6555.6302    24945.134   -1197.3366   -1174.7372    -1387.574   -1029.6986    29.218771    29.218771    29.218771   -6574.2721 
   23360     316.7721    83.816477   -6639.7701   -6555.9536    24946.376   -1201.3389   -1229.1092   -1437.8962   -937.01113    29.219256    29.219256    29.219256   -6574.6588 
   23370    311.46099     82.41118   -6638.7514   -6556.3402    24947.519   -1166.1997    -1236.178   -1416.2916   -846.12948    29.219702    29.219702    29.219702   -6574.4991 
   23380     306.7896    81.175153   -6637.9276   -6556.7524    24948.565   -1174.9918   -1291.8934   -1383.3553   -849.72669    29.220111    29.220111    29.220111    -6575.049 
   23390    304.52087    80.574857   -6637.7302   -6557.1554    24949.512   -1265.6185   -1440.0628   -1384.3955   -972.39712     29.22048     29.22048     29.22048   -6576.8639 
   23400    304.93111    80.683404   -6638.2124    -6557.529    24950.352   -1392.2012   -1639.7151   -1391.7848   -1145.1037    29.220808    29.220808    29.220808   -6579.2095 
   23410    307.11561    81.261413   -6639.1315   -6557.8701    24951.075   -1535.3317    -1852.072   -1414.9912   -1338.9319    29.221091    29.221091    29.221091   -6581.7801 
   23420    309.65543    81.933438   -6640.1194    -6558.186    24951.669   -1690.8903   -2028.1543   -1502.7064   -1541.8103    29.221323    29.221323    29.221323   -6584.5192 
   23430    311.19341    82.340381   -6640.8269   -6558.4865    24952.121   -1803.7792   -2094.7149   -1630.8279   -1685.7947    29.221499    29.221499    29.221499   -6586.5784 
   23440    311.40533    82.396455   -6641.1733   -6558.7769    24952.419   -1844.0206   -2035.9473   -1752.9904   -1743.1239    29.221615    29.221615    29.221615   -6587.4958 
   23450    310.93061    82.270845   -6641.3275   -6559.0567    24952.562   -1861.6019   -1912.9092   -1888.8372   -1783.0594    29.221671    29.221671    29.221671   -6588.0496 
   23460     310.5191    82.161961   -6641.4852   -6559.3233    24952.546   -1891.3996   -1808.8947   -2016.5529   -1848.7511    29.221665    29.221665    29.221665   -6588.7802 
   23470     310.2491    82.090521   -6641.6654   -6559.5749    24952.368   -1898.5643   -1757.6595   -2033.9098   -1904.1236    29.221596    29.221596    29.221596   -6589.1432 
   23480    309.25727    81.828086   -6641.6383   -6559.8102    24952.029   -1874.5519   -1762.8494   -1922.9875   -1937.8187    29.221463    29.221463    29.221463   -6589.0042 
   23490    306.59705    81.124205    -6641.148   -6560.0237     24951.53   -1829.7672   -1804.6024   -1748.5478   -1936.1515    29.221268    29.221268    29.221268   -6588.5197 
   23500     302.6303    80.074622   -6640.2777   -6560.2031    24950.874   -1762.7519   -1855.9064   -1577.3191   -1855.0302    29.221012    29.221012    29.221012   -6587.6546 
   23510    299.20425    79.168102   -6639.5009   -6560.3328    24950.066   -1678.2818   -1897.3582   -1460.5235   -1676.9635    29.220697    29.220697    29.220697    -6586.468 
   23520    298.29454    78.927397   -6639.3295   -6560.4021    24949.114    -1597.654   -1896.6456   -1424.3938   -1471.9226    29.220325    29.220325    29.220325   -6585.2808 
   23530    300.66342    79.554193   -6639.9659   -6560.4117    24948.024   -1562.0097   -1849.7049   -1492.6674    -1343.657    29.219899    29.219899    29.219899   -6584.7343 
   23540    305.30047    80.781135   -6641.1562    -6560.375    24946.798   -1581.0294   -1792.3365   -1626.0219   -1324.7298    29.219421    29.219421    29.219421   -6584.9926 
   23550     309.8354    81.981058   -6642.2957   -6560.3146    24945.435   -1578.5767   -1709.0615   -1691.0417   -1335.6269    29.218889    29.218889    29.218889   -6584.8926 
   23560    311.85345    82.515025   -6642.7676   -6560.2526    24943.936   -1503.3219   -1587.8405   -1610.7432    -1311.382    29.218304    29.218304    29.218304   -6583.6575 
   23570    310.43002    82.138391   -6642.3374    -6560.199    24942.307   -1407.2184   -1484.0849   -1439.1945   -1298.3758    29.217667    29.217667    29.217667   -6582.1062 
   23580    306.82581    81.184734   -6641.3317    -6560.147    24940.554    -1336.586   -1429.4765   -1258.8069   -1321.4745    29.216983    29.216983    29.216983   -6580.9532 
   23590    303.68846    80.354606   -6640.4334   -6560.0788    24938.685   -1265.9329    -1366.887   -1118.1666   -1312.7452    29.216253    29.216253    29.216253   -6579.7837 
   23600    303.23721    80.235207   -6640.2136   -6559.9784    24936.704   -1152.5825   -1231.6069   -1018.5754   -1207.5651    29.215479    29.215479    29.215479   -6577.9175 
   23610    305.74592       80.899   -6640.7396   -6559.8406    24934.622   -1011.9923   -1062.0301   -927.89304   -1046.0537    29.214666    29.214666    29.214666   -6575.5902 
   23620    309.62155    81.924474   -6641.5986   -6559.6741     24932.45   -880.35729   -931.06447   -826.17002   -883.83738    29.213818    29.213818    29.213818   -6573.3739 
   23630    312.67317     82.73192   -6642.2276   -6559.4957      24930.2    -754.9648   -840.88101   -710.39172   -713.62167    29.212939    29.212939    29.212939   -6571.2431 
   23640    313.33938    82.908194   -6642.2287   -6559.3205    24927.881   -612.95659   -744.14494    -575.3657   -519.35912    29.212033    29.212033    29.212033   -6568.8574 
   23650    311.47667    82.415332   -6641.5676   -6559.1523    24925.506   -419.02901   -572.79708   -404.43207   -279.85787    29.211106    29.211106    29.211106   -6565.6712 
   23660    308.47324    81.620636    -6640.602   -6558.9814    24923.092   -157.61433   -316.14967   -135.74726   -20.946052    29.210163    29.210163    29.210163   -6561.4332 
   23670    306.10612    80.994306   -6639.7848   -6558.7905    24920.661    109.22754   -62.089011    194.85649    194.91514    29.209213    29.209213    29.209213   -6557.0916 
   23680    305.25702     80.76964   -6639.3326    -6558.563    24918.234    324.11753    125.97353    482.51612    363.86294    29.208265    29.208265    29.208265   -6553.5221 
   23690    305.68449    80.882745   -6639.1704   -6558.2876    24915.831     515.8467    277.13055     709.1408    561.26875    29.207326    29.207326    29.207326   -6550.2656 
   23700    306.43847    81.082246   -6639.0419   -6557.9597    24913.467    726.31744    406.23743     946.4129      826.302    29.206402    29.206402    29.206402   -6546.6656 
   23710    306.91656    81.208745   -6638.7879   -6557.5791    24911.161    929.67791    516.15124    1185.4405     1087.442    29.205501    29.205501    29.205501   -6543.1242 
   23720    307.60899     81.39196   -6638.5416   -6557.1497     24908.93    1087.7925    644.20691    1337.9467    1281.2239    29.204629    29.204629    29.204629   -6540.2378 
   23730    309.60354    81.919708   -6638.6017    -6556.682    24906.788    1192.2308    802.14068    1379.0374    1395.5142    29.203791    29.203791    29.203791    -6538.148 
   23740    313.59004    82.974519   -6639.1739   -6556.1994    24904.742    1260.7126    973.51802    1375.9675    1432.6521    29.202992    29.202992    29.202992   -6536.6025 
   23750    318.76164      84.3429   -6640.0829     -6555.74      24902.8    1307.4587    1128.3128    1383.3567    1410.7065    29.202233    29.202233    29.202233   -6535.4181 
   23760    322.76205    85.401391   -6640.7496   -6555.3482    24900.966    1372.6801    1275.7179    1437.2393    1405.0833    29.201516    29.201516    29.201516   -6534.0141 
   23770    323.23888    85.527558   -6640.5829   -6555.0553    24899.247    1498.1429    1426.1438    1570.7946    1497.4903    29.200844    29.200844    29.200844   -6531.7728 
   23780     319.6111    84.567665   -6639.4309   -6554.8633    24897.651    1679.0941    1575.2287    1773.9819    1688.0717     29.20022     29.20022     29.20022   -6528.7703 
   23790    313.82721    83.037272   -6637.7829   -6554.7456    24896.196    1882.4731    1745.6272    1994.0072    1907.7849    29.199651    29.199651    29.199651   -6525.4939 
   23800    309.45524    81.880469   -6636.5459   -6554.6654    24894.898    2015.2147    1908.5029    2111.6233     2025.518    29.199144    29.199144    29.199144   -6523.3526 
   23810    309.29633    81.838422   -6636.4356   -6554.5972    24893.768    2037.4081    2019.4589    2098.1247    1994.6406    29.198702    29.198702    29.198702    -6522.941 
   23820     313.6417    82.988188   -6637.5267   -6554.5385    24892.808    1977.6857    2038.9708    2014.1761    1879.9101    29.198327    29.198327    29.198327   -6523.8114 
   23830    320.25516    84.738081   -6639.2464   -6554.5083    24892.015    1902.8789    1983.3139    1934.7789     1790.544    29.198017    29.198017    29.198017   -6524.9445 
   23840    325.70909    86.181164   -6640.7157   -6554.5346    24891.382    1855.5731    1905.6533    1883.2946    1777.7716    29.197769    29.197769    29.197769   -6525.7064 
   23850    327.13441    86.558299   -6641.1936   -6554.6353    24890.906    1833.2431    1852.3125    1832.8319    1814.5847    29.197583    29.197583    29.197583   -6526.1546 
   23860    323.84917    85.689038   -6640.4937   -6554.8047    24890.585    1873.9936    1876.2498    1838.0261    1907.7048    29.197457    29.197457    29.197457   -6525.6913 
   23870    317.78581    84.084701   -6639.0985   -6555.0138    24890.423    1983.6385    1976.4126     1911.295     2063.208    29.197394    29.197394    29.197394   -6524.1972 
   23880    311.94265    82.538628   -6637.7648   -6555.2262     24890.43    2085.0917    2086.9639    1951.4851     2216.826    29.197397    29.197397    29.197397   -6522.8335 
   23890    308.56778    81.645652   -6637.0611   -6555.4155    24890.613    2152.1814    2171.9732     1929.311    2355.2599    29.197468    29.197468    29.197468   -6521.9803 
   23900    308.32081    81.580304   -6637.1527   -6555.5724    24890.979    2181.0402    2203.8087    1891.8175    2447.4946    29.197612    29.197612    29.197612   -6521.6884 
   23910    310.22485    82.084103   -6637.7872   -6555.7031    24891.531    2160.5442     2184.321    1899.0796    2398.2319    29.197828    29.197828    29.197828   -6522.1367 
   23920     312.6373    82.722428    -6638.544   -6555.8216    24892.268    2082.4639    2116.9599    1939.6711    2190.7608    29.198115    29.198115    29.198115   -6523.4673 
   23930    314.41224     83.19207   -6639.1345   -6555.9425    24893.182    1958.1944     1993.973    1952.5359    1928.0744    29.198473    29.198473    29.198473   -6525.5178 
   23940    315.41479    83.457338   -6639.5334   -6556.0761    24894.264    1817.7202    1831.6785    1925.2677    1696.2144    29.198896    29.198896    29.198896   -6527.8328 
   23950    315.90459    83.586938   -6639.8153   -6556.2284    24895.503    1698.1322    1663.4694    1888.8161     1542.111    29.199381    29.199381    29.199381   -6529.8419 
   23960    315.70819     83.53497   -6639.9365   -6556.4016     24896.89    1600.1598     1502.626      1823.21    1474.6435    29.199922    29.199922    29.199922    -6531.536 
   23970     314.7891    83.291784   -6639.8859   -6556.5941    24898.414    1517.4653    1366.4438    1691.6928    1494.2593    29.200519    29.200519    29.200519   -6533.0121 
   23980    313.60689    82.978976     -6639.78    -6556.801    24900.071     1416.758     1248.542    1468.7587    1532.9734    29.201166    29.201166    29.201166   -6534.7826 
   23990    312.58937    82.709746   -6639.7258    -6557.016    24901.852    1287.4721    1128.0337    1219.2224    1515.1601    29.201862    29.201862    29.201862   -6537.0055 
   24000    311.89553    82.526158   -6639.7603   -6557.2341    24903.745     1172.207    1005.7697    1055.2204     1455.631    29.202602    29.202602    29.202602   -6539.0137 
   24010    311.32183     82.37436   -6639.8262   -6557.4519    24905.742    1097.2463    908.94392    985.23073    1397.5641    29.203383    29.203383    29.203383   -6540.3953 
   24020    310.38231    82.125767   -6639.7919   -6557.6661    24907.837    1020.8877    836.55844    927.10217    1299.0024    29.204202    29.204202    29.204202   -6541.7952 
   24030    308.73357    81.689518   -6639.5612   -6557.8717    24910.022     886.6826    739.46035    826.45132    1094.1361    29.205056    29.205056    29.205056   -6544.0859 
   24040    306.74398    81.163083   -6639.2232   -6558.0601    24912.287    695.16165    579.83524    687.11119    818.53852    29.205941    29.205941    29.205941    -6547.251 
   24050     305.6386    80.870603   -6639.0941   -6558.2235    24914.615    487.55026    379.94911    531.44342    551.25825    29.206851    29.206851    29.206851   -6550.6418 
   24060    306.34035    81.056283   -6639.4153    -6558.359     24916.99    301.33794    197.83087    383.25648    322.92647    29.207778    29.207778    29.207778   -6553.6726 
   24070    308.56146    81.643979   -6640.1165   -6558.4726    24919.395    123.64746    36.501586    233.04746    101.39334    29.208718    29.208718    29.208718   -6556.5494 
   24080    311.31095    82.371483   -6640.9481   -6558.5766    24921.815   -80.245899   -145.16462    46.855355   -142.42843    29.209664    29.209664    29.209664   -6559.8248 
   24090    313.43717     82.93407   -6641.6199   -6558.6858    24924.233    -299.6714   -358.74855   -160.76846   -379.49717    29.210608    29.210608    29.210608   -6563.3476 
   24100    314.11119    83.112414   -6641.9237   -6558.8113    24926.631   -496.17445   -580.12727   -353.16258    -555.2335    29.211545    29.211545    29.211545   -6566.5308 
   24110     313.3551    82.912355   -6641.8694    -6558.957    24928.992   -633.34507   -775.68709   -502.83774   -621.51038    29.212467    29.212467    29.212467   -6568.8115 
   24120    311.77499    82.494263   -6641.6135   -6559.1193    24931.304   -710.55703    -930.2913   -615.38745   -585.99233     29.21337     29.21337     29.21337   -6570.1762 
   24130    309.98281    82.020061   -6641.3105   -6559.2904     24933.56   -777.22948   -1055.8834   -753.35704   -522.44796    29.214251    29.214251    29.214251   -6571.3859 
   24140    308.36039    81.590776   -6641.0524   -6559.4617    24935.754   -860.58226   -1154.4324   -923.64107   -503.67331    29.215108    29.215108    29.215108   -6572.8555 
   24150     306.8955    81.203173   -6640.8284   -6559.6252    24937.879   -957.70897   -1214.8073    -1070.506   -587.81364    29.215938    29.215938    29.215938    -6574.532 
   24160    305.22354     80.76078   -6640.5347   -6559.7739    24939.927   -1071.4191   -1234.8895   -1190.9947   -788.37299    29.216738    29.216738    29.216738   -6576.4519 
   24170     303.2316    80.233721   -6640.1333   -6559.8995    24941.888   -1183.7643   -1239.4879    -1269.152   -1042.6529    29.217504    29.217504    29.217504   -6578.3278 
   24180    301.45432    79.763462   -6639.7563   -6559.9928    24943.751   -1260.3936   -1262.9889   -1262.8251   -1255.3669    29.218231    29.218231    29.218231   -6579.6155 
   24190     300.8226    79.596312   -6639.6419   -6560.0456    24945.511   -1310.4773    -1325.439   -1216.2212   -1389.7716    29.218918    29.218918    29.218918   -6580.4494 
   24200    302.03538    79.917208    -6639.971   -6560.0538    24947.163   -1406.6211   -1474.5661    -1263.484   -1481.8132    29.219563    29.219563    29.219563    -6581.956 
   24210    305.05542    80.716296    -6640.737   -6560.0207    24948.697   -1574.2979   -1705.2446   -1452.1759   -1565.4731    29.220162    29.220162    29.220162   -6584.5353 
   24220    308.92225    81.739442   -6641.6962   -6559.9567      24950.1   -1759.9969   -1927.1283    -1699.437   -1653.4253     29.22071     29.22071     29.22071   -6587.3645 
   24230    311.95583    82.542113   -6642.4187   -6559.8766    24951.356   -1903.1206   -2063.5811   -1894.5076   -1751.2731      29.2212      29.2212      29.2212   -6589.5147 
   24240    312.77229    82.758145   -6642.5507   -6559.7925    24952.452   -1966.9357   -2097.2709   -1960.5479   -1842.9882    29.221628    29.221628    29.221628   -6590.4258 
   24250    311.14368    82.327222   -6642.0342    -6559.707    24953.384   -1969.9829   -2064.3381   -1928.3928   -1917.2178    29.221992    29.221992    29.221992   -6590.3889 
   24260    307.91683    81.473412   -6641.0822   -6559.6087    24954.149   -1945.4691   -2012.4372   -1880.7927   -1943.1775    29.222291    29.222291    29.222291   -6589.9097 
   24270    304.61627    80.600099   -6640.0747   -6559.4746     24954.75   -1905.1865   -1972.8919   -1842.1082   -1900.5594    29.222525    29.222525    29.222525   -6589.1489 
   24280    302.66416    80.083581   -6639.3586    -6559.275     24955.19    -1849.079   -1936.6936   -1791.3131   -1819.2304    29.222697    29.222697    29.222697   -6588.0759 
   24290    302.48832    80.037053   -6639.0193   -6558.9822    24955.473   -1789.4184   -1873.5232   -1749.7311   -1745.0009    29.222808    29.222808    29.222808   -6586.8542 
   24300    303.80959    80.386656   -6638.9657   -6558.5791    24955.604   -1735.6606   -1753.7575   -1735.3675   -1717.8568    29.222859    29.222859    29.222859   -6585.6138 
   24310    306.19039    81.016604   -6639.0864   -6558.0698    24955.588   -1698.0819   -1610.7796    -1728.166   -1755.3001    29.222852    29.222852    29.222852   -6584.5192 
   24320    309.22253    81.818896   -6639.3049    -6557.486    24955.426   -1687.0286   -1542.0984   -1693.4134    -1825.574    29.222789    29.222789    29.222789   -6583.7631 
   24330    312.75507     82.75359   -6639.6354   -6556.8818     24955.12   -1690.0783    -1575.442   -1623.6513   -1871.1417    29.222669    29.222669    29.222669    -6583.206 
   24340    316.74171    83.808437   -6640.1243   -6556.3159    24954.669   -1680.2287   -1649.5347   -1542.5259   -1848.6255    29.222494    29.222494    29.222494   -6582.4862 
   24350    320.35875    84.765489   -6640.5997   -6555.8342    24954.075   -1624.4126   -1696.1691   -1460.2571   -1716.8117    29.222262    29.222262    29.222262   -6581.1346 
   24360    321.72125    85.125999   -6640.5865   -6555.4605    24953.341   -1505.5991   -1673.5564   -1362.8669    -1480.374    29.221975    29.221975    29.221975   -6578.9096 
   24370    319.29214    84.483268    -6639.676   -6555.1927    24952.479   -1330.8843   -1575.1151   -1223.1685   -1194.3693    29.221639    29.221639    29.221639   -6575.9201 
   24380    313.38419     82.92005    -6637.925    -6555.005    24951.501   -1138.0563   -1415.0349   -1064.0984   -935.03566    29.221257    29.221257    29.221257   -6572.7285 
   24390    306.42217    81.077933   -6635.9341   -6554.8561    24950.425   -978.35236     -1212.85   -951.09559   -771.11146    29.220837    29.220837    29.220837   -6570.0918 
   24400    301.95433    79.895763   -6634.6017    -6554.706    24949.262   -885.90696    -1014.668   -893.34971   -749.70317    29.220383    29.220383    29.220383   -6568.5014 
   24410    302.68805    80.089901     -6634.62   -6554.5301    24948.022   -879.98379   -908.28784   -851.09064   -880.57289    29.219899    29.219899    29.219899   -6568.2326 
   24420    308.86752    81.724961   -6636.0542   -6554.3292    24946.704   -947.30386   -950.10509   -801.84928   -1089.9572    29.219384    29.219384    29.219384   -6569.0792 
   24430    317.89811    84.114415   -6638.2449   -6554.1304    24945.303    -1031.627   -1080.3156   -752.10622   -1262.4592    29.218837    29.218837    29.218837   -6570.1925 
   24440    325.62054    86.157734   -6640.1356   -6553.9779    24943.812   -1077.4477   -1184.8074   -738.36926   -1309.1666    29.218255    29.218255    29.218255   -6570.7524 
   24450    328.83752    87.008934   -6640.9209    -6553.912    24942.226   -1071.8969   -1210.4355   -806.49427   -1198.7608    29.217636    29.217636    29.217636   -6570.5989 
   24460    327.30305    86.602921   -6640.5522   -6553.9493    24940.547   -1032.3622   -1181.3101   -951.92725   -963.84915     29.21698     29.21698     29.21698   -6570.0197 
   24470    323.45735    85.585364   -6639.6654     -6554.08    24938.778   -963.53809   -1122.1618   -1089.3131   -679.13934    29.216289    29.216289    29.216289    -6569.078 
   24480    320.13237    84.705591   -6638.9879   -6554.2823    24936.923   -855.38815   -1026.1672   -1096.9003   -443.09695    29.215565    29.215565    29.215565   -6567.5959 
   24490    318.70924    84.329037   -6638.8668   -6554.5378    24934.993   -730.36872   -897.42976   -952.04441     -341.632    29.214811    29.214811    29.214811   -6565.9047 
   24500    318.91256    84.382833    -6639.221   -6554.8382    24932.997   -597.83956   -735.49601   -708.90294   -349.11971    29.214031    29.214031    29.214031   -6564.1418 
   24510    319.22097    84.464437   -6639.6457   -6555.1813    24930.947   -436.74602   -516.80377   -422.53592   -370.89837    29.213231    29.213231    29.213231   -6561.9774 
   24520    317.90947    84.117421   -6639.6782   -6555.5608    24928.856    -247.8809   -244.66609   -152.98221   -345.99439    29.212414    29.212414    29.212414   -6559.4176 
   24530     314.3591    83.178008   -6639.1359   -6555.9579    24926.741   -29.134919    63.671155    57.405098   -208.48101    29.211588    29.211588    29.211588   -6556.4112 
   24540    309.57186    81.911326   -6638.2535   -6556.3422     24924.62    195.68679    375.27335    164.67942    47.107605    29.210759    29.210759    29.210759   -6553.2979 
   24550    305.80508    80.914654   -6637.5986   -6556.6839    24922.512     387.7415    622.80233    188.01845    352.40372    29.209936    29.209936    29.209936   -6550.6525 
   24560    305.04518    80.713586   -6637.6813   -6556.9677    24920.433     542.1832    747.98351    227.65483    650.91126    29.209124    29.209124    29.209124   -6548.5346 
   24570    307.32424    81.316615   -6638.5142   -6557.1976    24918.396    652.60839    746.24515    330.14309    881.43692    29.208328    29.208328    29.208328   -6547.0477 
   24580    310.40404    82.131518   -6639.5225    -6557.391    24916.411    738.18353     676.5068    507.06917    1030.9746    29.207552    29.207552    29.207552   -6545.9111 
   24590    311.46339    82.411817   -6639.9775   -6557.5657    24914.486     821.2325    603.22705    734.73576    1125.7347      29.2068      29.2068      29.2068   -6544.7952 
   24600    309.55094    81.905791   -6639.6336   -6557.7278    24912.627    885.87574    568.11165    924.20846    1165.3071    29.206074    29.206074    29.206074   -6543.9531 
   24610    306.49425    81.097005   -6638.9671   -6557.8701     24910.84    924.25682    615.26201     1024.183    1133.3255    29.205375    29.205375    29.205375   -6543.4996 
   24620    305.15897    80.743695   -6638.7259   -6557.9822    24909.129    952.33846    745.42874    1051.9829    1059.6038    29.204707    29.204707    29.204707   -6543.1762 
   24630    307.09773    81.256682   -6639.3197    -6558.063    24907.496    981.49412    881.73939    1056.2543    1006.4887    29.204068    29.204068    29.204068   -6542.8047 
   24640     311.6014    82.448335   -6640.5742   -6558.1259    24905.943    1007.9728    962.99234    1076.9504    983.97571    29.203461    29.203461    29.203461   -6542.4569 
   24650    315.96485    83.602882   -6641.7974   -6558.1945    24904.473    1033.5579    988.35711    1114.4256    997.89115    29.202887    29.202887    29.202887   -6542.1287 
   24660    317.25542    83.944361   -6642.2345   -6558.2902    24903.089    1067.0099    972.53504    1144.8619    1083.6329    29.202346    29.202346    29.202346   -6541.7053 
   24670    314.40392    83.189868   -6641.6076   -6558.4177    24901.794     1105.265    916.80979    1163.0029    1235.9821     29.20184     29.20184     29.20184   -6541.2391 
   24680    309.05751     81.77523   -6640.3359   -6558.5606     24900.59    1148.1515    862.01724    1185.8689    1396.5684    29.201369    29.201369    29.201369   -6540.7164 
   24690    304.49909    80.569093   -6639.2616   -6558.6925    24899.482    1232.5809    901.83016    1248.7339    1547.1786    29.200936    29.200936    29.200936   -6539.5369 
   24700    303.33729    80.261687   -6639.0552   -6558.7935    24898.477    1350.7042    1049.2049    1342.5421    1660.3656    29.200543    29.200543    29.200543    -6537.803 
   24710    305.89011    80.937151   -6639.7978   -6558.8606    24897.584    1410.0729    1192.6292    1396.3823    1641.2074    29.200194    29.200194    29.200194   -6536.9483 
   24720    310.19329    82.075754   -6640.9832   -6558.9075     24896.81    1393.6662    1263.2409     1395.378    1522.3796    29.199891    29.199891    29.199891   -6537.2508 
   24730     313.3848    82.920214   -6641.8756   -6558.9554    24896.152    1371.8409    1293.3971    1388.1666    1433.9589    29.199634    29.199634    29.199634   -6537.6384 
   24740    313.52072    82.956178   -6641.9768   -6559.0207     24895.61    1387.4426    1311.1184    1413.3045     1437.905    29.199422    29.199422    29.199422   -6537.4617 
   24750    310.63768    82.193337   -6641.2975   -6559.1042    24895.186    1427.3716    1300.2024    1482.4627    1499.4497    29.199256    29.199256    29.199256   -6536.9252 
   24760    306.83713    81.187729     -6640.38   -6559.1923    24894.882    1447.1224    1239.6242    1553.1745    1548.5687    29.199137    29.199137    29.199137   -6536.7067 
   24770    304.74961     80.63538   -6639.9029   -6559.2675      24894.7    1423.2172    1168.5341    1552.0792    1549.0383    29.199066    29.199066    29.199066   -6537.1535 
   24780    305.71341    80.890399   -6640.2109   -6559.3205    24894.638    1365.8512    1126.8465     1462.289    1508.4182    29.199042    29.199042    29.199042   -6538.0979 
   24790    308.97265    81.752779   -6641.1086   -6559.3558    24894.693    1330.4791    1138.1303    1360.8078    1492.4992    29.199063    29.199063    29.199063   -6538.6828 
   24800    312.09483    82.578892   -6641.9677   -6559.3888    24894.861    1343.7924    1188.1871    1304.6746    1538.5156    29.199129    29.199129    29.199129   -6538.5088 
   24810      312.794    82.763889      -6642.2   -6559.4361    24895.144     1382.637    1251.0847    1293.6697    1603.1565     29.19924     29.19924     29.19924   -6537.9523 
   24820    310.53049    82.164974    -6641.669   -6559.5041    24895.545    1401.1905    1302.7994    1306.9713    1593.8007    29.199397    29.199397    29.199397   -6537.7316 
   24830    306.81172    81.181005   -6640.7658   -6559.5848    24896.065    1393.2029    1338.4302    1349.0745    1492.1039      29.1996      29.1996      29.1996    -6537.936 
   24840    304.01495    80.440992   -6640.1036   -6559.6626    24896.705    1371.0347    1359.5038    1387.4369    1366.1634     29.19985     29.19985     29.19985   -6538.3577 
   24850    303.81228    80.387366   -6640.1113   -6559.7239    24897.463     1321.056    1321.8715    1369.2559    1272.0405    29.200146    29.200146    29.200146    -6539.195 
   24860    306.25679    81.034174   -6640.7995   -6559.7654    24898.334    1216.6844    1197.1469    1247.2308    1205.6757    29.200487    29.200487    29.200487   -6540.8577 
   24870    309.93323    82.006942   -6641.8026   -6559.7956     24899.31    1104.4765    1076.2649    1066.6913    1170.4733    29.200869    29.200869    29.200869   -6542.6311 
   24880    312.80752    82.767467   -6642.5999   -6559.8324    24900.382    1051.9614    1040.7891     948.8361    1166.2591    29.201288    29.201288    29.201288   -6543.4833 
   24890    313.04919    82.831412   -6642.7245   -6559.8931    24901.546    1038.5588    1041.6504    918.59818    1155.4279    29.201743    29.201743    29.201743   -6543.7515 
   24900    310.08412    82.046868   -6642.0298   -6559.9829    24902.801    1020.1555    1010.7975    924.44408    1125.2248    29.202233    29.202233    29.202233   -6544.1265 
   24910    305.17765    80.748639   -6640.8375   -6560.0888    24904.145    988.99143    945.21704    951.60539    1070.1518    29.202759    29.202759    29.202759    -6544.716 
   24920    300.93393     79.62577   -6639.8109   -6560.1851    24905.576    947.65013    852.80307     1007.715    982.43235    29.203318    29.203318    29.203318   -6545.4541 
   24930    299.64897    79.285774   -6639.5329   -6560.2471     24907.09    880.03698    723.54217    1040.4947    876.07407     29.20391     29.20391     29.20391   -6546.5663 
   24940    301.77754    79.848983   -6640.1118   -6560.2628    24908.681    767.45238    560.58474    979.77604    761.99637    29.204532    29.204532    29.204532   -6548.3314 
   24950    305.86725    80.931103   -6641.1673   -6560.2362    24910.341    656.03667     438.9695    841.11712    688.02339     29.20518     29.20518     29.20518   -6550.0363 
   24960    309.50459    81.893527   -6642.0764   -6560.1829    24912.061     559.7069    369.53149    662.79315    646.79606    29.205852    29.205852    29.205852   -6551.4801 
   24970    310.74498    82.221727   -6642.3413   -6560.1196    24913.831    462.44154    329.05249    478.87598    579.39613    29.206544    29.206544    29.206544   -6552.9287 
   24980    309.26162    81.829238   -6641.8825   -6560.0533    24915.645    375.11088    327.40981     314.6191    483.30374    29.207253    29.207253    29.207253   -6554.2199 
   24990    306.41854    81.076971   -6641.0545   -6559.9775    24917.494    296.25288    346.19308     176.4329    366.13267    29.207975    29.207975    29.207975   -6555.3701 
   25000    304.26609    80.507444   -6640.3855    -6559.878    24919.372    217.85414    338.11189    87.581019    227.86951    29.208709    29.208709    29.208709   -6556.4896 
