   20010    293.78374     77.73386   -6645.9577   -6568.2238    24943.238   -2343.8057    -2371.106    -2237.924    -2422.387    29.218031    29.218031    29.218031    -6604.713 
   20020    296.59006    78.476401   -6646.9135   -6568.4371    24944.796   -2479.1229   -2478.4635   -2409.5885   -2549.3169    29.218639    29.218639    29.218639   -6607.0353 
   20030    298.43465    78.964471   -6647.6412   -6568.6767    24946.128   -2609.8619    -2580.593   -2591.5361   -2657.4567    29.219159    29.219159    29.219159   -6609.3127 
   20040    297.33691    78.674014   -6647.6207   -6568.9467    24947.222   -2695.8492   -2687.6687    -2706.004   -2693.8748    29.219586    29.219586    29.219586   -6610.9233 
   20050    292.74052    77.457828     -6646.69   -6569.2321    24948.069   -2717.6457   -2765.8087   -2746.0781   -2641.0504    29.219917    29.219917    29.219917   -6611.5496 
   20060    286.45441    75.794553   -6645.2959   -6569.5014    24948.669   -2665.4237   -2752.3309   -2713.4749   -2530.4653    29.220151    29.220151    29.220151   -6611.0067 
   20070    281.71775    74.541254   -6644.2635   -6569.7222    24949.026    -2539.919    -2624.465   -2606.3956   -2388.8965    29.220291    29.220291    29.220291   -6609.2737 
   20080    280.74719    74.284448   -6644.1628   -6569.8783    24949.152   -2412.3683   -2473.1354   -2494.1155    -2269.854     29.22034     29.22034     29.22034   -6607.4438 
   20090    282.98843    74.877469   -6644.8509   -6569.9734    24949.058   -2334.2687   -2369.1822   -2426.5942   -2207.0298    29.220303    29.220303    29.220303   -6606.3226 
   20100    285.82277    75.627424   -6645.6518   -6570.0243    24948.751   -2296.5111   -2318.8173   -2397.9653   -2172.7508    29.220183    29.220183    29.220183   -6605.7851 
   20110     286.7816    75.881125   -6645.9293   -6570.0482    24948.236   -2289.4739   -2325.2816   -2390.9779   -2152.1622    29.219982    29.219982    29.219982   -6605.6986 
   20120    285.40768    75.517593   -6645.5699   -6570.0523    24947.513   -2293.5276   -2377.0866        -2356   -2147.4962      29.2197      29.2197      29.2197   -6605.7649 
   20130    283.32746    74.967176   -6645.0006   -6570.0335    24946.581   -2280.2307     -2436.65   -2252.4301    -2151.612    29.219336    29.219336    29.219336   -6605.5377 
   20140    282.77527    74.821069   -6644.8068   -6569.9857    24945.444   -2251.0761     -2475.59   -2121.8212   -2155.8172    29.218892    29.218892    29.218892   -6605.0343 
   20150    284.82797    75.364203   -6645.2742     -6569.91    24944.103   -2217.4143   -2489.0943   -2024.0014   -2139.1473    29.218369    29.218369    29.218369   -6604.4327 
   20160    288.59571    76.361131   -6646.1792   -6569.8181    24942.562   -2184.5872   -2469.2022    -1976.142   -2108.4174    29.217767    29.217767    29.217767   -6603.8276 
   20170     291.9496    77.248555   -6646.9771   -6569.7286    24940.824     -2148.06   -2397.9473   -1974.3926   -2071.8402    29.217088    29.217088    29.217088   -6603.1671 
   20180    293.17053    77.571609   -6647.2287   -6569.6571    24938.892   -2105.1099   -2294.4339   -1994.7079   -2026.1878    29.216334    29.216334    29.216334   -6602.4245 
   20190    292.19247    77.312819    -6646.921   -6569.6082    24936.772   -2022.2058   -2163.7965   -1969.9584   -1932.8626    29.215506    29.215506    29.215506   -6601.0824 
   20200    290.26757    76.803499   -6646.3785    -6569.575     24934.47   -1876.8037   -2001.3499   -1869.3575   -1759.7036    29.214607    29.214607    29.214607   -6598.7835 
   20210    289.00836    76.470318   -6646.0173    -6569.547    24932.001   -1707.2384   -1829.9393   -1725.5929    -1566.183    29.213643    29.213643    29.213643   -6596.1139 
   20220     289.2648     76.53817   -6646.0555   -6569.5174    24929.379   -1540.9753   -1647.0625   -1568.5067   -1407.3567    29.212619    29.212619    29.212619   -6593.4945 
   20230    290.36994    76.830585   -6646.3174   -6569.4869    24926.621   -1355.6677   -1423.3874   -1393.7187   -1249.8969    29.211541    29.211541    29.211541   -6590.5783 
   20240     290.8118    76.947498   -6646.4074   -6569.4599    24923.742   -1140.7786   -1173.8672   -1186.3188   -1062.1499    29.210417    29.210417    29.210417   -6587.2061 
   20250    289.46775    76.591868   -6646.0296   -6569.4377    24920.764   -908.59724   -933.77058   -934.67084    -857.3503    29.209253    29.209253    29.209253   -6583.5704 
   20260    286.34373    75.765268   -6645.1782    -6569.413    24917.707   -666.07829   -710.14836   -646.10371    -641.9828    29.208059    29.208059    29.208059   -6579.7721 
   20270    282.94613    74.866277   -6644.2368   -6569.3705    24914.593     -425.351   -505.13667   -359.61677   -411.29956    29.206842    29.206842    29.206842   -6575.9849 
   20280    281.73621    74.546139   -6643.8416   -6569.2954    24911.443   -214.09723   -316.48544   -120.90667   -204.89957    29.205611    29.205611    29.205611   -6572.6243 
   20290    284.43462    75.260126   -6644.4433   -6569.1832    24908.278   -61.948207   -142.96679     15.10752   -57.985353    29.204374    29.204374    29.204374   -6570.1463 
   20300    290.43628    76.848137   -6645.8948   -6569.0466    24905.111    22.518355   -4.0137621    31.359779    40.209049    29.203136    29.203136    29.203136   -6568.6966 
   20310    296.67779    78.499614   -6647.4142   -6568.9146    24901.949    96.093519    119.10381    21.281259    147.89549      29.2019      29.2019      29.2019    -6567.421 
   20320    299.50426    79.247484   -6648.0662   -6568.8187      24898.8    237.50418    280.57767    109.54159    322.39329    29.200669    29.200669    29.200669   -6565.1277 
   20330     297.0267    78.591933   -6647.3651   -6568.7732    24895.678    479.03176    528.04494    333.35894    575.69139    29.199449    29.199449    29.199449   -6561.3297 
   20340    290.53381    76.873944   -6645.6378   -6568.7639    24892.603    780.09042    842.10145     643.4911     854.6787    29.198246    29.198246    29.198246   -6556.6438 
   20350    283.83333    75.101026   -6643.8581    -6568.757    24889.602    1067.2005    1146.6523    971.95662    1082.9926    29.197073    29.197073    29.197073   -6552.1782 
   20360    280.75153    74.285597   -6643.0058   -6568.7202    24886.702    1286.5082    1389.6541    1239.9629    1229.9075    29.195939    29.195939    29.195939   -6548.7368 
   20370     282.7232    74.807291   -6643.4457   -6568.6384    24883.921    1432.4649    1552.4056    1424.9159     1320.073    29.194852    29.194852    29.194852   -6546.3903 
   20380    287.99429    76.201997   -6644.7201   -6568.5181    24881.273    1530.5945    1648.7886    1550.9939     1392.001    29.193816    29.193816    29.193816   -6544.7485 
   20390    293.16773    77.570868    -6645.953   -6568.3821    24878.767     1603.656     1686.393    1639.6867    1484.8882    29.192836    29.192836    29.192836   -6543.4804 
   20400    295.69871    78.240553   -6646.4966   -6568.2561    24876.408    1656.8023    1641.1999    1713.6583    1615.5488    29.191913    29.191913    29.191913   -6542.5315 
   20410     295.3039    78.136087   -6646.2902   -6568.1542    24874.203    1719.1436    1574.0535    1805.0618    1778.3157     29.19105     29.19105     29.19105    -6541.464 
   20420    293.47157    77.651261   -6645.7268   -6568.0755    24872.156    1798.2358     1576.119    1860.6604    1957.9281     29.19025     29.19025     29.19025   -6540.1597 
   20430    292.27123    77.333658   -6645.3446    -6568.011    24870.274    1882.5109     1668.291    1846.5165     2132.725    29.189514    29.189514    29.189514   -6538.7891 
   20440     293.0259    77.533339    -6645.487   -6567.9537    24868.565    1982.7877    1829.2505    1831.3343    2287.7783    29.188845    29.188845    29.188845   -6537.1774 
   20450    295.15943    78.097861   -6646.0041   -6567.9062    24867.038    2095.8734    1998.4251    1875.8157    2413.3795    29.188248    29.188248    29.188248   -6535.3766 
   20460    296.71203    78.508672   -6646.3883   -6567.8796    24865.702     2187.216      2110.96    1982.5918    2468.0963    29.187725    29.187725    29.187725   -6533.9341 
   20470    296.29126     78.39734   -6646.2837   -6567.8864    24864.565    2251.4381    2178.1335    2131.4597     2444.721     29.18728     29.18728     29.18728   -6532.9458 
   20480    294.15613    77.832394   -6645.7664    -6567.934    24863.634    2333.3857    2257.4634    2317.0797     2425.614    29.186915    29.186915    29.186915    -6531.723 
   20490    291.74872    77.195403   -6645.2192   -6568.0238    24862.914    2432.6843     2345.677    2515.3629    2437.0129    29.186634    29.186634    29.186634   -6530.2729 
   20500    290.51373     76.86863   -6645.0247   -6568.1561    24862.416    2500.4791    2392.5132     2678.335    2430.5891    29.186439    29.186439    29.186439   -6529.3539 
   20510    290.71923    76.923004   -6645.2578   -6568.3348    24862.143    2498.3163    2369.2434    2735.9745    2389.7309    29.186332    29.186332    29.186332   -6529.5666 
   20520    291.38597    77.099421   -6645.6664    -6568.567    24862.096    2454.4666     2304.956    2705.6023    2352.8416    29.186314    29.186314    29.186314   -6530.4793 
   20530    291.16457    77.040841   -6645.8973   -6568.8565    24862.272    2424.4397    2241.6746    2675.0059    2356.6385    29.186383    29.186383    29.186383   -6531.2345 
   20540    289.32339    76.553672   -6645.7491   -6569.1954    24862.667    2424.0039    2196.8177    2676.3254    2398.8687    29.186537    29.186537    29.186537   -6531.5796 
   20550    286.41515    75.784164   -6645.3454   -6569.5613    24863.281    2422.3595    2154.7918    2677.4251    2434.8616    29.186778    29.186778    29.186778     -6531.97 
   20560     284.1333    75.180397   -6645.1057   -6569.9253    24864.113    2358.5968    2052.5286    2621.3808    2401.8811    29.187103    29.187103    29.187103   -6533.3224 
   20570    284.13859    75.181798    -6645.448   -6570.2662    24865.157    2220.7184    1873.7647    2494.0039    2294.3866    29.187512    29.187512    29.187512   -6535.8015 
   20580    286.88457    75.908371   -6646.4875   -6570.5791    24866.401    2050.0122    1695.2909    2320.2718     2134.474    29.187998    29.187998    29.187998   -6538.7621 
   20590    291.04485    77.009163   -6647.8847   -6570.8755     24867.83    1908.3482    1595.2039    2161.6564    1968.1844    29.188557    29.188557    29.188557   -6541.2555 
   20600     293.9107    77.767453   -6648.9408   -6571.1733     24869.43    1795.1057    1552.9964     1999.683    1832.6375    29.189183    29.189183    29.189183   -6543.3092 
   20610    293.01059     77.52929   -6649.0107   -6571.4814    24871.191     1692.313    1515.0691    1808.5198    1753.3501    29.189872    29.189872    29.189872    -6545.211 
   20620    287.84431    76.162315   -6647.9502   -6571.7879    24873.104    1630.5467    1489.0616    1671.9692    1730.6093     29.19062     29.19062     29.19062   -6546.4744 
   20630    280.44772    74.205209   -6646.2671   -6572.0619    24875.163    1588.1431    1474.2732    1613.1773    1676.9789    29.191426    29.191426    29.191426   -6547.4046 
   20640    274.70985    72.686994   -6644.9572   -6572.2702    24877.363    1501.8304      1424.02    1559.5093     1521.962    29.192287    29.192287    29.192287    -6548.951 
   20650    274.07008    72.517714   -6644.9128   -6572.3951    24879.698    1349.6416    1291.8241    1473.8647     1283.236      29.1932      29.1932      29.1932   -6551.4369 
   20660     278.8333    73.778042   -6646.2186   -6572.4405    24882.152    1146.7536    1080.2703    1348.5392    1011.4513     29.19416     29.19416     29.19416   -6554.6312 
   20670    285.72409    75.601312   -6648.0312   -6572.4299    24884.707    912.46275    819.59842    1162.4248      755.365    29.195159    29.195159    29.195159   -6558.2577 
   20680    290.46341    76.855317   -6649.2503    -6572.395    24887.343    696.66666    589.77958    927.97993    572.24046     29.19619     29.19619     29.19619   -6561.5733 
   20690    290.74851    76.930753   -6649.2901   -6572.3593    24890.041    517.32649    449.37156    644.56671     458.0412    29.197245    29.197245    29.197245   -6564.3226 
   20700    287.30294    76.019071   -6648.3441   -6572.3251    24892.782      343.283    356.18169    298.28319    375.38411    29.198317    29.198317    29.198317   -6566.9915 
   20710    283.03448    74.889654   -6647.1656   -6572.2759    24895.553    195.30444    269.30423   -21.646138    338.25525      29.1994      29.1994      29.1994   -6569.2412 
   20720     280.8275    74.305697   -6646.4966   -6572.1909    24898.339    79.148331    151.03975   -228.68944    315.09468    29.200489    29.200489    29.200489   -6570.9609 
   20730    281.69116    74.534219   -6646.5911   -6572.0569     24901.13   -63.907061   -61.490208   -345.33922    215.10825     29.20158     29.20158     29.20158   -6573.0501 
   20740    284.65137    75.317477   -6647.1918   -6571.8743    24903.913   -249.36907   -342.42728   -423.84691    18.166992    29.202668    29.202668    29.202668   -6575.7504 
   20750    287.85213    76.164383   -6647.8191   -6571.6547     24906.67   -428.64177   -585.54076   -486.18622   -214.19834    29.203745    29.203745    29.203745   -6578.3182 
   20760    289.52887    76.608042   -6648.0223   -6571.4142    24909.386   -576.86121   -752.65333   -551.17008   -426.76023    29.204807    29.204807    29.204807   -6580.3828 
   20770    288.68296    76.384218   -6647.5481   -6571.1639    24912.047   -679.03686   -848.20309   -605.86807   -583.03942    29.205847    29.205847    29.205847   -6581.7221 
   20780    285.76303    75.611617   -6646.5148   -6570.9032    24914.645   -732.26729   -873.14216    -645.7968   -677.86291    29.206862    29.206862    29.206862   -6582.2904 
   20790    282.43409    74.730795   -6645.3523   -6570.6216    24917.175   -764.66716   -871.56665   -691.79448   -730.64035    29.207851    29.207851    29.207851   -6582.5137 
   20800     280.6176    74.250159    -6644.556   -6570.3059    24919.632   -815.36562   -901.23447   -754.82142   -790.04096    29.208811    29.208811    29.208811   -6582.9878 
   20810    281.65324    74.524185   -6644.4758   -6569.9516    24922.013   -929.24178   -1003.7641   -863.36922     -920.592    29.209741    29.209741    29.209741   -6584.4061 
   20820     285.2155    75.466742   -6645.0366   -6569.5698    24924.307   -1093.7107   -1177.4649   -995.35332   -1108.3139    29.210637    29.210637    29.210637   -6586.5842 
   20830     289.3503    76.560793    -6645.748   -6569.1872    24926.499    -1270.989    -1391.997     -1112.56   -1308.4101    29.211493    29.211493    29.211493   -6588.9611 
   20840    292.23136    77.323107   -6646.1575   -6568.8344    24928.574   -1443.0448   -1599.6105   -1236.2417   -1493.2821    29.212304    29.212304    29.212304   -6591.2871 
   20850    293.36684    77.623551   -6646.1559   -6568.5323    24930.515   -1582.6301   -1743.9782   -1378.1585   -1625.7536    29.213062    29.213062    29.213062   -6593.1587 
   20860    293.47754    77.652843   -6645.9388    -6568.286    24932.312   -1692.7561   -1834.4195   -1534.1761   -1709.6726    29.213764    29.213764    29.213764   -6594.6278 
   20870    293.73274    77.720365   -6645.8111   -6568.0907    24933.953   -1791.1759   -1905.1172    -1696.744   -1771.6663    29.214405    29.214405    29.214405    -6595.966 
   20880    294.67214    77.968926   -6645.9095   -6567.9406     24935.43   -1870.3567   -1954.4232   -1849.3247   -1807.3223    29.214982    29.214982    29.214982   -6597.0498 
   20890    295.78225    78.262657   -6646.0956    -6567.833    24936.735   -1907.9257   -1970.3572   -1953.3971    -1800.023    29.215492    29.215492    29.215492   -6597.5285 
   20900    296.08449     78.34263   -6646.1095   -6567.7669    24937.866   -1910.0126   -1972.1292   -1998.6414   -1759.2674    29.215933    29.215933    29.215933   -6597.4962 
   20910     295.0381    78.065758    -6645.804   -6567.7383    24938.823   -1895.3541   -1961.6258   -1998.8487   -1725.5877    29.216307    29.216307    29.216307   -6597.2406 
   20920    292.87667    77.493855   -6645.2316   -6567.7377    24939.606   -1888.9421   -1949.5371   -1971.8953    -1745.394    29.216613    29.216613    29.216613   -6597.1411 
   20930    290.48082    76.859924   -6644.6118   -6567.7519    24940.217   -1871.8163   -1932.4648   -1887.6519   -1795.3322    29.216851    29.216851    29.216851   -6596.8894 
   20940    288.74548    76.400758   -6644.1687   -6567.7679    24940.657   -1840.1552   -1912.4563   -1754.7336   -1853.2757    29.217023    29.217023    29.217023   -6596.4131 
   20950    287.90795    76.179153   -6643.9564   -6567.7772     24940.93   -1812.1369   -1890.6629   -1651.8417   -1893.9061     29.21713     29.21713     29.21713   -6595.9866 
   20960    287.72844    76.131655   -6643.9074   -6567.7758    24941.038   -1766.5043   -1849.8467   -1613.2949   -1836.3713    29.217172    29.217172    29.217172   -6595.2749 
   20970    287.87004    76.169121    -6643.932   -6567.7629    24940.984   -1714.8045   -1842.1733   -1635.9116   -1666.3288    29.217151    29.217151    29.217151   -6594.4572 
   20980    288.16029    76.245922   -6643.9854   -6567.7395    24940.775   -1701.7211   -1917.1147   -1709.3548   -1478.6938    29.217069    29.217069    29.217069   -6594.2298 
   20990    288.81751    76.419817   -6644.1268    -6567.707    24940.411   -1732.4553   -2025.9805   -1796.1416   -1375.2437    29.216927    29.216927    29.216927   -6594.6754 
   21000    290.20262    76.786312   -6644.4553   -6567.6689     24939.89   -1774.3725   -2073.0131   -1856.4487   -1393.6558    29.216724    29.216724    29.216724   -6595.2893 
   21010    292.37752    77.361781    -6644.994   -6567.6322    24939.208   -1829.2227   -2018.6278   -1924.2041   -1544.8361    29.216457    29.216457    29.216457   -6596.1056 
   21020    294.97936    78.050215   -6645.6582    -6567.608    24938.361   -1886.9504   -1897.2765    -1976.175   -1787.3997    29.216126    29.216126    29.216126   -6596.9789 
   21030    297.07296    78.604173   -6646.2144   -6567.6102    24937.343   -1910.9285   -1795.7851   -1940.8565   -1996.1439    29.215729    29.215729    29.215729   -6597.3532 
   21040    297.49247    78.715175   -6646.3661   -6567.6509    24936.153   -1880.2431   -1768.3495   -1830.0556   -2042.3241    29.215264    29.215264    29.215264   -6596.9149 
   21050    295.62356    78.220668   -6645.9547    -6567.734    24934.793   -1791.2802   -1801.6853   -1682.4249   -1889.7304    29.214733    29.214733    29.214733   -6595.6118 
   21060    291.86423    77.225968   -6645.0773   -6567.8514    24933.273   -1637.8593   -1808.3192   -1508.5885   -1596.6703    29.214139    29.214139    29.214139   -6593.3399 
   21070    287.52975    76.079084   -6644.0645   -6567.9854    24931.606   -1455.8226   -1735.7888   -1344.0125   -1287.6665    29.213488    29.213488    29.213488   -6590.6396 
   21080    284.26395    75.214966   -6643.3309    -6568.116    24929.808   -1302.3752   -1615.5021    -1224.851   -1066.7724    29.212786    29.212786    29.212786   -6588.3809 
   21090    283.44816    74.999111   -6643.2273   -6568.2282    24927.894   -1210.5051   -1504.2587    -1141.378   -985.87859    29.212038    29.212038    29.212038   -6587.0622 
   21100    285.63918    75.578847   -6643.8978    -6568.319    24925.871   -1173.7768   -1412.8627   -1067.9484   -1040.5192    29.211248    29.211248    29.211248     -6586.58 
   21110    290.27621    76.805783   -6645.2053   -6568.3996    24923.743   -1143.0969   -1303.8891   -990.68853   -1134.7132    29.210417    29.210417    29.210417   -6586.1818 
   21120    295.75675    78.255909   -6646.7516   -6568.4957    24921.515   -1098.3886   -1185.9366   -936.93527   -1172.2938    29.209546    29.209546    29.209546   -6585.5809 
   21130    299.65578    79.287577   -6647.9303   -6568.6427    24919.189   -1045.2178   -1101.8726   -910.74473    -1123.036    29.208638    29.208638    29.208638   -6584.8993 
   21140    299.89215    79.350118   -6648.2233   -6568.8732    24916.771     -950.415   -1005.1689   -863.36202   -982.71414    29.207693    29.207693    29.207693   -6583.6538 
   21150    296.06891    78.338505   -6647.5394   -6569.2009     24914.27   -787.49977   -819.82063    -763.6422   -779.03647    29.206716    29.206716    29.206716   -6581.4468 
   21160    289.62087    76.632384   -6646.2429   -6569.6105    24911.701    -595.5637   -581.46336   -623.67149   -581.55626    29.205712    29.205712    29.205712   -6578.8707 
   21170    283.14404    74.918644   -6644.9795   -6570.0608    24909.081   -399.35066   -356.06248   -440.48871    -401.5008    29.204688    29.204688    29.204688   -6576.2695 
   21180    279.16218    73.865063   -6644.3685   -6570.5034    24906.427   -192.67025   -158.75043   -229.72949   -189.53083    29.203651    29.203651    29.203651   -6573.4986 
   21190    278.79778    73.768642   -6644.6723   -6570.9037    24903.759    1.2902487    14.136287   -54.937188    44.671647    29.202608    29.202608    29.202608   -6570.8836 
   21200    281.31576    74.434889   -6645.6844   -6571.2495    24901.094    163.74911    169.14894    76.271747    245.82665    29.201566    29.201566    29.201566   -6568.7045 
   21210    284.72618    75.337272   -6646.8839   -6571.5466    24898.447    274.99478    272.21557    185.70396     367.0648    29.200531    29.200531    29.200531   -6567.2731 
   21220    287.10483     75.96665   -6647.7741   -6571.8074    24895.827    349.25203    329.49326    289.29872    428.96413    29.199507    29.199507    29.199507   -6566.3805 
   21230    287.53656    76.080885   -6648.1218   -6572.0409    24893.242    425.32735    401.78692    401.94779    472.24732    29.198496    29.198496    29.198496   -6565.4326 
   21240    286.14525    75.712751   -6647.9604   -6572.2477    24890.699    545.18145     521.6796    568.90566    544.95908    29.197502    29.197502    29.197502    -6563.778 
   21250    283.55904    75.028449   -6647.4491   -6572.4207    24888.209    698.43148    657.77953    799.32434    638.19058    29.196528    29.196528    29.196528   -6561.5713 
   21260    280.78588    74.294686   -6646.8438   -6572.5492    24885.784    842.37896    781.29703    1019.0176    726.82229     29.19558     29.19558     29.19558   -6559.4649 
   21270    279.18419    73.870884   -6646.4946   -6572.6238    24883.439    948.26444    884.27903    1146.5454     813.9689    29.194663    29.194663    29.194663   -6557.8962 
   21280     279.8658    74.051235   -6646.6927   -6572.6415    24881.182    1033.4803    982.95788    1184.3229    933.16001     29.19378     29.19378     29.19378   -6556.5919 
   21290    282.95051    74.867437   -6647.4762   -6572.6088    24879.021      1124.61    1102.0056    1193.3993    1078.4251    29.192935    29.192935    29.192935   -6555.1455 
   21300    287.26523    76.009093   -6648.5509   -6572.5418    24876.965    1216.0368    1228.6396    1215.8731    1203.5976    29.192131    29.192131    29.192131   -6553.6604 
   21310    290.53227    76.873536   -6649.3352   -6572.4617    24875.021    1300.3479    1325.4484    1251.6063    1323.9891     29.19137     29.19137     29.19137   -6552.2728 
   21320    290.62277    76.897481   -6649.2821   -6572.3846    24873.197    1395.6298    1398.7786    1295.5237    1492.5872    29.190657    29.190657    29.190657   -6550.7179 
   21330    287.23213    76.000334   -6648.3114   -6572.3111    24871.501    1524.2225    1482.2735     1372.912     1717.482    29.189994    29.189994    29.189994   -6548.6497 
   21340    282.21897    74.673874   -6646.8988   -6572.2249    24869.946     1695.126    1593.6984    1531.9026    1959.7771    29.189385    29.189385    29.189385   -6545.9121 
   21350    278.34402    73.648581   -6645.7508   -6572.1022    24868.546    1859.7415    1699.7243    1743.6878    2135.8124    29.188838    29.188838    29.188838   -6543.2358 
   21360    277.67041    73.470346   -6645.3949   -6571.9246    24867.315    1929.5085    1720.4247    1907.3102    2160.7907    29.188356    29.188356    29.188356   -6541.9767 
   21370    280.72529    74.278653    -6645.966   -6571.6873     24866.26    1907.3993    1651.3026    1996.9504     2073.945    29.187943    29.187943    29.187943   -6542.0839 
   21380    286.33382    75.762644   -6647.1671   -6571.4045    24865.378    1864.1789    1559.1943    2039.3476    1993.9949    29.187598    29.187598    29.187598   -6542.4729 
   21390    292.09187      77.2862   -6648.3924   -6571.1062    24864.665    1826.3461    1503.2505    2035.2803    1940.5075    29.187319    29.187319    29.187319   -6542.7626 
   21400    295.61207    78.217629    -6649.046   -6570.8284    24864.119    1802.2462    1523.8904    2006.8515    1875.9967    29.187105    29.187105    29.187105   -6542.8594 
   21410    295.65327    78.228531   -6648.8244   -6570.5959    24863.737    1844.7307    1667.2725    2022.5605    1844.3591    29.186956    29.186956    29.186956    -6541.968 
   21420    292.58297    77.416142   -6647.8281   -6570.4119    24863.523    1964.8314    1910.1622    2117.3497    1866.9822    29.186872    29.186872    29.186872   -6539.9205 
   21430    288.35765    76.298141   -6646.5594   -6570.2612    24863.487    2076.7334    2140.3621    2210.2469    1879.5912    29.186858    29.186858    29.186858   -6538.0333 
   21440    285.49619    75.541013   -6645.6635   -6570.1225    24863.638    2117.5304    2272.5128    2205.9927    1874.0856    29.186917    29.186917    29.186917   -6537.2612 
   21450    285.60411    75.569568   -6645.5523   -6569.9828    24863.981    2125.6711    2306.8865    2135.9284    1934.1985    29.187051    29.187051    29.187051   -6536.9947 
   21460    288.13982    76.240505   -6646.0845    -6569.844    24864.515    2145.0427    2271.3096    2067.1974    2096.6211     29.18726     29.18726     29.18726   -6536.5547 
   21470    290.67809    76.912118   -6646.6312    -6569.719    24865.244     2159.017    2169.3484    2016.4453    2291.2573    29.187545    29.187545    29.187545   -6536.2118 
   21480    291.07132    77.016166   -6646.6351   -6569.6189    24866.167    2153.4803    2036.8208    2002.6578    2420.9622    29.187906    29.187906    29.187906   -6536.1964 
   21490    288.96712    76.459405   -6646.0018   -6569.5424    24867.283    2123.5156    1927.8547    2016.3009    2426.3912    29.188343    29.188343    29.188343   -6536.5835 
   21500    285.90609    75.649471   -6645.1258   -6569.4763    24868.591    2088.1973    1913.4138    2019.6053    2331.5728    29.188855    29.188855    29.188855   -6537.0638 
   21510    284.16638    75.189149   -6644.5943   -6569.4051    24870.087    2043.7196    1991.5241     1957.441    2182.1938     29.18944     29.18944     29.18944   -6537.6811 
   21520    285.10862    75.438464   -6644.7599   -6569.3214    24871.766    1935.7745    2046.0847    1802.8322    1958.4067    29.190097    29.190097    29.190097    -6539.271 
   21530    288.31951    76.288049   -6645.5177   -6569.2296    24873.618    1759.1556    1962.9179    1618.2931    1696.2559    29.190822    29.190822    29.190822   -6541.9189 
   21540    292.20822    77.316984   -6646.4604   -6569.1434    24875.628    1564.7188    1717.7547    1481.0714    1495.3302    29.191608    29.191608    29.191608   -6544.8494 
   21550    295.21723    78.113157   -6647.1921   -6569.0789    24877.778    1409.7664     1392.857    1432.9327    1403.5094    29.192449    29.192449    29.192449   -6547.1888 
   21560    296.35056    78.413031   -6647.4604   -6569.0474    24880.055    1313.6603    1121.8377    1429.9146    1389.2288     29.19334     29.19334     29.19334   -6548.6477 
   21570    295.36423     78.15205   -6647.2027   -6569.0507    24882.449    1231.8289     962.4029    1364.7047     1368.379    29.194276    29.194276    29.194276   -6549.9199 
   21580    292.90344    77.500938   -6646.5817   -6569.0808    24884.952    1122.5469     884.3206    1181.5621     1301.758    29.195255    29.195255    29.195255   -6551.6454 
   21590    289.94025     76.71689   -6645.8404   -6569.1235    24887.555    996.23708     850.6643    917.30575    1220.7412    29.196273    29.196273    29.196273   -6553.6484 
   21600     287.1189    75.970374   -6645.1338   -6569.1634    24890.246    867.51502    825.04562    646.79046     1130.709    29.197325    29.197325    29.197325   -6555.6863 
   21610    284.86483    75.373956   -6644.5608   -6569.1869    24893.014    757.84114    788.42198    490.19104    994.91041    29.198407    29.198407    29.198407   -6557.4123 
   21620    283.71718    75.070294   -6644.2538   -6569.1835    24895.849     647.4736    698.27032    480.03574    764.11475    29.199515    29.199515    29.199515   -6559.1226 
   21630    284.33127     75.23278   -6644.3812   -6569.1484    24898.739    471.53335    488.70965     496.7118    429.17859    29.200645    29.200645    29.200645   -6561.8205 
   21640    287.11941    75.970509   -6645.0549   -6569.0844    24901.669     231.7218    191.37315    435.86153    67.930711    29.201791    29.201791    29.201791   -6565.4829 
   21650      291.537    77.139383   -6646.1438   -6569.0044    24904.618   -9.3843971   -90.158041    281.80544   -219.80059    29.202944    29.202944    29.202944   -6569.1503 
   21660    295.64024    78.225083    -6647.155     -6568.93    24907.564   -215.90977   -309.83429    72.274275   -410.16928    29.204095    29.204095    29.204095   -6572.2865 
   21670    296.97157    78.577345   -6647.4594    -6568.882    24910.488   -381.12105   -462.09389    -148.6605   -532.60877    29.205238    29.205238    29.205238   -6574.8077 
   21680     294.4322    77.905439    -6646.774   -6568.8685    24913.376    -502.2885   -536.77706   -362.87403   -607.21441    29.206366    29.206366    29.206366    -6576.679 
   21690    289.18601    76.517321   -6645.3945   -6568.8772    24916.216   -580.59924   -576.06691   -528.71898   -637.01181    29.207476    29.207476    29.207476   -6577.9064 
   21700    284.08658    75.168037     -6644.05    -6568.882    24919.001   -651.58379   -667.78183   -641.32903   -645.64053    29.208564    29.208564    29.208564   -6579.0162 
   21710     281.8046    74.564233   -6643.4214   -6568.8571    24921.724   -745.65838   -821.40622   -742.28278   -673.28615    29.209628    29.209628    29.209628   -6580.4558 
   21720     283.2143    74.937235   -6643.7258   -6568.7886    24924.377   -874.01892   -994.18694   -879.70039   -748.16944    29.210665    29.210665    29.210665   -6582.3853 
   21730    287.39268    76.042816   -6644.7207   -6568.6779    24926.948   -1045.5896   -1172.4994   -1066.6748   -897.59456    29.211669    29.211669    29.211669   -6584.9453 
   21740    292.51988     77.39945   -6645.9399   -6568.5405    24929.422    -1238.978   -1372.3114   -1237.3878   -1107.2349    29.212635    29.212635    29.212635   -6587.8186 
   21750    296.63159     78.48739   -6646.8875   -6568.4001    24931.781   -1436.8425   -1602.7025   -1368.6558   -1339.1694    29.213557    29.213557    29.213557   -6590.7591 
   21760    298.23499     78.91164   -6647.1909   -6568.2792    24934.007   -1631.4024   -1825.0716   -1485.5555     -1583.58    29.214426    29.214426    29.214426   -6593.6681 
   21770    296.92172    78.564157    -6646.754   -6568.1898    24936.083    -1777.626   -1947.6895   -1570.2614   -1814.9273    29.215237    29.215237    29.215237   -6595.8566 
   21780     293.4327    77.640977   -6645.7695   -6568.1285    24937.997   -1846.7328   -1951.6686   -1622.6143   -1965.9154    29.215984    29.215984    29.215984   -6596.8731 
   21790    289.28061    76.542352   -6644.6217   -6568.0793    24939.741   -1870.1088   -1928.4592   -1679.8304   -2002.0369    29.216665    29.216665    29.216665   -6597.1898 
   21800    286.26346    75.744028   -6643.7646   -6568.0206    24941.313   -1880.8125   -1968.4406   -1747.9329   -1926.0639    29.217279    29.217279    29.217279   -6597.2995 
   21810    285.71954    75.600109   -6643.5337   -6567.9336    24942.714   -1883.2754   -2078.8136    -1806.101   -1764.9114    29.217826    29.217826    29.217826   -6597.2524 
   21820    287.66355    76.114486   -6643.9236   -6567.8091    24943.941   -1884.2495    -2185.282   -1842.3796   -1625.0868    29.218305    29.218305    29.218305   -6597.1445 
   21830    290.75415    76.932245   -6644.5816   -6567.6494    24944.996   -1890.3178    -2209.719   -1870.3633    -1590.871    29.218717    29.218717    29.218717   -6597.0806 
   21840    293.24358    77.590936   -6645.0563   -6567.4654    24945.879   -1887.9301   -2130.6835   -1876.2442   -1656.8626    29.219062    29.219062    29.219062   -6596.8604 
   21850    294.19241    77.841993   -6645.1111   -6567.2691    24946.588   -1887.3597   -2019.1213   -1853.9972   -1788.9606    29.219339    29.219339    29.219339   -6596.6561 
   21860    293.90842     77.76685   -6644.8345   -6567.0676    24947.125   -1923.2179   -1952.9446   -1868.4744   -1948.2348    29.219549    29.219549    29.219549   -6597.0136 
   21870    293.46331    77.649076   -6644.5114   -6566.8623    24947.487   -1971.4998   -1908.5977   -1949.9389   -2055.9627     29.21969     29.21969     29.21969   -6597.5605 
   21880    293.47944    77.653344    -6644.306   -6566.6526    24947.669   -1955.7083   -1821.5249   -2017.8312   -2027.7687    29.219761    29.219761    29.219761   -6597.1052 
   21890    293.62696    77.692376   -6644.1324     -6566.44    24947.674   -1889.6627   -1726.8693    -2027.508   -1914.6108    29.219763    29.219763    29.219763   -6595.8642 
   21900    293.36295    77.622522   -6643.8496   -6566.2271    24947.506    -1852.106    -1701.741   -2022.9913   -1831.5856    29.219697    29.219697    29.219697   -6595.0662 
   21910    292.51076    77.397037   -6643.4116   -6566.0146     24947.17   -1872.5369   -1735.6124   -2035.0136   -1846.9847    29.219566    29.219566    29.219566   -6595.1715 
   21920    291.45186    77.116857   -6642.9171   -6565.8002    24946.664    -1914.408   -1757.2464   -2030.5207   -1955.4569    29.219368    29.219368    29.219368   -6595.6085 
   21930    291.13158     77.03211   -6642.6123   -6565.5802    24945.984   -1915.6788   -1720.7275   -1969.1855   -2057.1236    29.219103    29.219103    29.219103   -6595.4074 
   21940    292.32937    77.349042   -6642.7026   -6565.3536    24945.131   -1875.6998   -1685.8657   -1879.1946   -2062.0392     29.21877     29.21877     29.21877   -6594.5573 
   21950    294.80532    78.004165    -6643.131   -6565.1268    24944.108   -1839.6681   -1732.5882   -1805.5004   -1980.9156    29.218371    29.218371    29.218371   -6593.7684 
   21960    297.64738    78.756163     -6643.67   -6564.9138    24942.919   -1822.1448   -1851.0138   -1747.2906   -1868.1301    29.217906    29.217906    29.217906   -6593.2813 
   21970    300.10168     79.40556   -6644.1376    -6564.732    24941.565   -1815.8958   -1973.8838   -1702.4735   -1771.3302    29.217378    29.217378    29.217378   -6593.0006 
   21980    301.80252    79.855593   -6644.4531   -6564.5975    24940.048   -1808.5367   -2023.4624    -1683.492   -1718.6557    29.216785    29.216785    29.216785   -6592.7498 
   21990    302.47518    80.033576   -6644.5558   -6564.5222    24938.368   -1751.5909   -1922.9839   -1665.5151   -1666.2738    29.216129    29.216129    29.216129   -6591.7863 
   22000     302.0522    79.921659   -6644.4347    -6564.513    24936.531   -1626.7748   -1691.4225   -1615.6216   -1573.2802    29.215412    29.215412    29.215412   -6589.8324 
   22010     300.6758    79.557469   -6644.1286   -6564.5711    24934.549   -1453.9523   -1409.7576   -1509.3377   -1442.7614    29.214638    29.214638    29.214638   -6587.1989 
   22020      298.665    79.025419   -6643.7184    -6564.693    24932.436   -1261.0534   -1156.8449   -1342.1736   -1284.1416    29.213813    29.213813    29.213813    -6584.317 
   22030    296.76102    78.521637   -6643.3936    -6564.872    24930.211    -1085.413   -974.47214   -1145.7885   -1135.9782    29.212944    29.212944    29.212944   -6581.7612 
   22040    295.79814    78.266863   -6643.3693   -6565.1025     24927.89   -952.47104   -858.38617   -968.71173   -1030.3152    29.212037    29.212037    29.212037   -6579.9217 
   22050    296.00796    78.322378   -6643.7053   -6565.3829    24925.484   -845.47384   -782.72002    -816.7139   -936.98758    29.211097    29.211097    29.211097   -6578.5362 
   22060    296.53452    78.461704   -6644.1771   -6565.7154    24923.005   -729.23477   -725.21499   -668.20575   -794.28357    29.210128    29.210128    29.210128   -6577.0591 
   22070    296.05899     78.33588   -6644.4344   -6566.0985    24920.461   -591.01403   -659.94377   -522.86461    -590.2337    29.209135    29.209135    29.209135   -6575.2913 
   22080    293.90091    77.764863    -6644.284   -6566.5191    24917.868   -428.64171   -523.78072   -386.12294   -376.02147    29.208121    29.208121    29.208121   -6573.1856 
   22090    290.48988    76.862319   -6643.8115   -6566.9491    24915.238   -251.24523   -307.57163   -265.34435    -180.8197    29.207094    29.207094    29.207094   -6570.8562 
   22100    287.35127    76.031857   -6643.3865   -6567.3547    24912.588   -112.48305   -118.79502   -183.28246   -35.371675    29.206058    29.206058    29.206058   -6569.1037 
   22110    286.35996    75.769562   -6643.4804   -6567.7108     24909.93   -36.449401   -18.917925   -125.63471    35.204427     29.20502     29.20502     29.20502   -6568.2775 
   22120    288.41994    76.314623   -6644.3267    -6568.012    24907.272    14.718332    28.155037    -43.89142     59.89138    29.203981    29.203981    29.203981   -6567.7832 
   22130    292.51991    77.399457   -6645.6709   -6568.2714    24904.618    88.672073    68.244617    100.36036    97.411241    29.202944    29.202944    29.202944   -6566.8931 
   22140    296.30733    78.401591   -6646.9124   -6568.5109    24901.976    183.97416    114.87358    280.57358    156.47532    29.201911    29.201911    29.201911   -6565.6514 
   22150    297.83371    78.805465   -6647.5537   -6568.7482    24899.353    280.51914    182.09618    435.05754     224.4037    29.200886    29.200886    29.200886   -6564.3887 
   22160    296.50245    78.453219   -6647.4414   -6568.9881    24896.759    392.28608    323.88283    547.55605    305.41937    29.199871    29.199871    29.199871   -6562.8923 
   22170    292.98494      77.5225   -6646.7435    -6569.221    24894.203    558.40696    559.82088    690.44766    424.95235    29.198872    29.198872    29.198872   -6560.5446 
   22180     288.9144    76.445454   -6645.8755     -6569.43    24891.702    749.22353     800.4295    876.21709    571.02401    29.197894    29.197894    29.197894     -6557.79 
   22190    286.05306    75.688357   -6645.2897   -6569.6013    24889.271    919.46693    958.99349    1059.5349    739.87246    29.196944    29.196944    29.196944   -6555.3177 
   22200    285.25911    75.478281    -6645.208   -6569.7297    24886.925    1072.0957     1038.293    1221.5726     956.4215    29.196026    29.196026    29.196026   -6553.0767 
   22210    286.18282    75.722691   -6645.5425   -6569.8198     24884.68    1232.6787    1107.5168    1362.8779    1227.6413    29.195148    29.195148    29.195148   -6550.6741 
   22220    287.44221     76.05592   -6645.9374   -6569.8815    24882.549     1403.316    1231.0699    1485.5156    1493.3624    29.194315    29.194315    29.194315   -6548.0874 
   22230    287.48846    76.068157    -6645.992   -6569.9239    24880.547    1572.2415    1428.9704    1602.1079     1685.646    29.193532    29.193532    29.193532   -6545.5082 
   22240     286.0146    75.678181   -6645.6272    -6569.949     24878.69    1717.3197    1655.9424    1709.4092    1786.6076    29.192806    29.192806    29.192806   -6543.2824 
   22250    284.35268    75.238444   -6645.1904    -6569.952     24876.99    1803.7004    1818.5688    1786.6354    1805.8969    29.192141    29.192141    29.192141   -6541.9459 
   22260    284.36157    75.240795   -6645.1678    -6569.927    24875.455    1828.4388    1863.0267    1827.9958     1794.294     29.19154     29.19154     29.19154   -6541.5386 
   22270    286.86802    75.903993   -6645.7796   -6569.8756    24874.087    1831.7956    1810.0804    1858.7573    1826.5491    29.191005    29.191005    29.191005   -6541.4367 
   22280    290.94891    76.983778   -6646.7936   -6569.8098    24872.886    1842.2407    1705.4353    1900.0692    1921.2175    29.190535    29.190535    29.190535   -6541.2101 
   22290    294.36599    77.887922   -6647.6371   -6569.7492    24871.853    1834.0137    1588.4754    1920.2117    1993.3539    29.190131    29.190131    29.190131   -6541.2784 
   22300    295.17088    78.100893   -6647.8117   -6569.7108    24870.987     1812.957    1524.7997     1925.194    1988.8774    29.189792    29.189792    29.189792   -6541.5678 
   22310    293.13235    77.561505   -6647.2602   -6569.6987    24870.287    1827.8195    1577.4904    1957.9627    1948.0053    29.189518    29.189518    29.189518   -6541.3258 
   22320    289.78509    76.675836   -6646.3787   -6569.7029    24869.753    1896.6785    1729.4754    2035.5268    1925.0334     29.18931     29.18931     29.18931   -6540.2617 
   22330    287.28278    76.013735   -6645.7205   -6569.7068    24869.391    1981.9544    1913.8622    2116.0335    1915.9677    29.189168    29.189168    29.189168   -6538.9424 
   22340    286.93481    75.921664   -6645.6194   -6569.6978    24869.209    2034.7141    2041.4382    2148.4415    1914.2626    29.189097    29.189097    29.189097   -6538.1147 
   22350     288.4263    76.316305   -6645.9895   -6569.6732    24869.211    2061.4061    2061.8826    2151.8702    1970.4654    29.189098    29.189098    29.189098   -6537.6758 
   22360    290.12345    76.765365   -6646.4043   -6569.6389      24869.4     2083.744    2005.6917    2155.4869    2090.0534    29.189172    29.189172    29.189172   -6537.2945 
   22370    290.45249    76.852426   -6646.4545   -6569.6021    24869.777    2091.0213    1927.4265    2143.4844     2202.153    29.189319    29.189319    29.189319   -6537.1442 
   22380    289.09806    76.494051   -6646.0582   -6569.5641    24870.343    2062.4639     1858.595    2093.3329     2235.464    29.189541    29.189541    29.189541   -6537.5488 
   22390    287.05287    75.952902   -6645.4707   -6569.5178    24871.095    2004.2535    1837.0089    2015.8649    2159.8867    29.189835    29.189835    29.189835   -6538.4051 
   22400    285.75575     75.60969   -6645.0608   -6569.4511    24872.028    1934.1495    1850.4125     1958.614    1993.4219      29.1902      29.1902      29.1902   -6539.4255 
   22410    286.22741     75.73449   -6645.0883   -6569.3538    24873.135    1854.1401    1849.5417    1932.5001    1780.3784    29.190633    29.190633    29.190633    -6540.569 
   22420     288.5606    76.351841   -6645.5744   -6569.2226    24874.408    1744.3128    1803.3035    1871.9363    1557.6985    29.191131    29.191131    29.191131   -6542.1414 
   22430    291.82461    77.215483    -6646.278   -6569.0625    24875.839    1589.3839     1676.593    1713.5053    1378.0535     29.19169     29.19169     29.19169   -6544.3853 
   22440    294.77273    77.995544   -6646.8811   -6568.8855    24877.412    1410.9811    1474.3045    1471.7917    1286.8471    29.192306    29.192306    29.192306   -6546.9769 
   22450    296.66569    78.496413    -6647.202   -6568.7056    24879.111    1267.4419    1258.9892    1243.1747    1300.1617     29.19297     29.19297     29.19297   -6549.0244 
   22460     297.3101    78.666921   -6647.2009    -6568.534    24880.925    1182.3253     1073.193    1092.3814    1381.4017     29.19368     29.19368     29.19368   -6550.1731 
   22470    296.70125     78.50582   -6646.8825   -6568.3767    24882.844    1131.3925    948.55381    1007.4065    1438.2172     29.19443     29.19443     29.19443   -6550.8054 
   22480    294.89095    78.026822   -6646.2599   -6568.2331    24884.865    1080.5731     882.6386    947.34154    1411.7392    29.195221    29.195221    29.195221   -6551.4497 
   22490    292.51877    77.399156   -6645.4947   -6568.0955    24886.982    1034.4277    861.24586    904.57698    1337.4602    29.196049    29.196049    29.196049   -6552.0275 
   22500    290.73974    76.928432   -6644.8807   -6567.9523    24889.191    1008.9249    862.96578    904.35806    1259.4509    29.196912    29.196912    29.196912    -6552.279 
   22510    290.25694    76.800686   -6644.5935   -6567.7928     24891.49    991.26042    866.70743    938.80071    1168.2731    29.197811    29.197811    29.197811   -6552.3925 
   22520    290.92325    76.976987    -6644.589    -6567.612    24893.877    959.80744    863.61362    967.60708    1048.2016    29.198745    29.198745    29.198745   -6552.6989 
   22530    291.96129    77.251648   -6644.6629   -6567.4113     24896.35     908.0977    845.89735    955.56451    922.83123    29.199711    29.199711    29.199711   -6553.3003 
   22540    292.42837    77.375237    -6644.571   -6567.1958    24898.902    842.68433    808.05905    897.02668    822.96728    29.200709    29.200709    29.200709   -6554.0999 
   22550    291.94834    77.248221   -6644.2176   -6566.9694    24901.529      739.653    730.99096    768.57001    719.39803    29.201736    29.201736    29.201736   -6555.4735 
   22560    291.11042    77.026511   -6643.7586   -6566.7321     24904.22    582.75654    586.91496    574.09898    587.25567    29.202788    29.202788    29.202788   -6557.6737 
   22570     291.0671    77.015049   -6643.4968   -6566.4818    24906.962    391.25346    366.53776    356.10034    451.12226     29.20386     29.20386     29.20386   -6560.3995 
   22580    292.39135     77.36544   -6643.5853   -6566.2198    24909.737    184.44883    90.691411    135.83173    326.82334    29.204944    29.204944    29.204944   -6563.3521 
   22590    294.42705    77.904078   -6643.8586   -6565.9545    24912.527   -7.5648047   -157.16315   -63.781615    198.25035    29.206035    29.206035    29.206035   -6566.0721 
   22600    295.96833    78.311895   -6644.0112   -6565.6993    24915.315   -166.25357   -294.39269   -223.01288    18.644866    29.207124    29.207124    29.207124   -6568.2847 
   22610    296.24721    78.385685   -6643.8517    -6565.466    24918.085   -322.25914   -351.35217    -363.3409   -252.08434    29.208206    29.208206    29.208206   -6570.4779 
   22620    295.40245    78.162163   -6643.4214   -6565.2592    24920.824   -469.13272   -401.23293   -473.60605   -532.55917    29.209276    29.209276    29.209276   -6572.5563 
   22630    294.35912    77.886103   -6642.9627   -6565.0766    24923.518   -580.14978   -497.99603   -547.97804   -694.47528    29.210329    29.210329    29.210329   -6574.1014 
   22640    294.24547    77.856032   -6642.7694   -6564.9134    24926.157   -686.07397   -663.08647   -663.25268   -731.88274     29.21136     29.21136     29.21136   -6575.5871 
   22650    295.63808     78.22451   -6642.9932   -6564.7687    24928.732   -841.69254   -907.43281   -856.56534   -761.07948    29.212366    29.212366    29.212366   -6577.8648 
   22660    298.02464    78.855984   -6643.5053   -6564.6493    24931.228   -1038.8891     -1178.91   -1088.4789    -849.2786    29.213341    29.213341    29.213341   -6580.8153 
   22670    300.19595    79.430503   -6643.9989   -6564.5684    24933.627   -1226.5268   -1396.2482    -1303.334   -979.99826    29.214278    29.214278    29.214278    -6583.656 
   22680    301.01544    79.647337   -6644.1868   -6564.5395    24935.913   -1399.5494   -1565.5888   -1452.4199   -1180.6394     29.21517     29.21517     29.21517   -6586.3217 
   22690     300.0743    79.398314   -6643.9684   -6564.5701     24938.07   -1551.1066   -1697.3426   -1513.5286   -1442.4487    29.216013    29.216013    29.216013   -6588.7132 
   22700    297.90935    78.825477   -6643.4847   -6564.6593    24940.085   -1652.3976   -1784.2809   -1513.0023   -1659.9097      29.2168      29.2168      29.2168   -6590.3811 
   22710    295.64506    78.226357   -6643.0263      -6564.8    24941.947    -1698.465   -1834.1568   -1512.5607   -1748.6776    29.217527    29.217527    29.217527   -6591.2409 
   22720    294.24936    77.857063    -6642.842   -6564.9849    24943.654   -1732.1458   -1875.5761   -1582.7878   -1738.0734    29.218193    29.218193    29.218193    -6591.952 
   22730    294.13456    77.826687   -6643.0381   -6565.2114    24945.202   -1812.9853   -1938.0439   -1757.7284   -1743.1837    29.218798    29.218798    29.218798   -6593.4388 
   22740    295.18532    78.104712    -6643.588   -6565.4833    24946.583   -1969.0294   -2049.2505   -1997.5473   -1860.2903    29.219337    29.219337    29.219337   -6596.1419 
   22750    296.65239    78.492893   -6644.3019    -6565.809    24947.783   -2167.2957   -2207.8205   -2215.7473   -2078.3194    29.219805    29.219805    29.219805   -6599.5563 
   22760    297.43737    78.700595   -6644.8962   -6566.1956    24948.785   -2325.1641   -2345.2608   -2335.7621   -2294.4695    29.220197    29.220197    29.220197   -6602.4026 
   22770    296.56794    78.470547   -6645.1092   -6566.6387    24949.575   -2407.5823   -2423.1482   -2348.4386     -2451.16    29.220505    29.220505    29.220505   -6604.1303 
   22780    293.91513    77.768625   -6644.8836    -6567.115    24950.146    -2455.349   -2480.5097   -2307.9334    -2577.604    29.220728    29.220728    29.220728   -6605.3513 
   22790     290.5576    76.880239   -6644.4661   -6567.5859    24950.493   -2503.3919   -2540.3793   -2294.3352   -2675.4612    29.220863    29.220863    29.220863   -6606.5709 
   22800    288.16825    76.248026   -6644.2612   -6568.0132    24950.611   -2554.5424   -2603.1442   -2358.2778   -2702.2051     29.22091     29.22091     29.22091    -6607.795 
   22810    287.85427    76.164951   -6644.5403   -6568.3754    24950.497   -2593.6457   -2665.5926   -2464.0168   -2651.3275    29.220865    29.220865    29.220865   -6608.7659 
   22820    289.35062    76.560876   -6645.2326   -6568.6717    24950.148   -2603.1816   -2696.2667   -2549.0263   -2564.2519    29.220729    29.220729    29.220729   -6609.2102 
   22830    291.20718    77.052115   -6645.9675   -6568.9154    24949.562   -2600.0726   -2682.2353   -2609.5431   -2508.4393      29.2205      29.2205      29.2205   -6609.4045 
   22840    291.91105    77.238356   -6646.3601   -6569.1217     24948.74   -2598.5657   -2630.0998   -2648.2452    -2517.352    29.220179    29.220179    29.220179    -6609.586 
   22850    291.25601    77.065033   -6646.3654   -6569.3004    24947.682   -2581.3314   -2542.1304   -2639.6138   -2562.2499    29.219766    29.219766    29.219766   -6609.4946 
   22860    290.22347    76.791829   -6646.2467   -6569.4549    24946.391    -2525.093   -2430.3921   -2569.4414   -2575.4456    29.219262    29.219262    29.219262   -6608.7714 
   22870    289.79058    76.677289   -6646.2645   -6569.5872    24944.871   -2423.8839   -2309.3379   -2437.3886   -2524.9252    29.218669    29.218669    29.218669   -6607.3256 
   22880    290.20597    76.787199   -6646.4886   -6569.7014    24943.133   -2300.1383   -2201.4195   -2279.1538   -2419.8415     29.21799     29.21799     29.21799   -6605.5106 
   22890     290.9564     76.98576   -6646.7898    -6569.804    24941.188   -2183.2911   -2096.1244   -2167.0946   -2286.6541     29.21723     29.21723     29.21723   -6603.7915 
   22900    291.12928    77.031502    -6646.933   -6569.9015    24939.046    -2056.543   -1948.1189    -2099.155   -2122.3552    29.216394    29.216394    29.216394   -6601.9131 
   22910    289.89603    76.705189   -6646.7012    -6569.996    24936.719     -1897.68   -1787.5175   -2000.5066    -1905.016    29.215485    29.215485    29.215485    -6599.532 
   22920    287.26673     76.00949   -6646.0916   -6570.0821    24934.222   -1718.4507   -1677.0982   -1834.3369   -1643.9171     29.21451     29.21451     29.21451   -6596.8259 
   22930    284.31272    75.227872   -6645.3765   -6570.1487    24931.572   -1504.1567   -1574.6938   -1598.0376   -1339.7386    29.213475    29.213475    29.213475   -6593.5549 
   22940    282.43957    74.732243   -6644.9156   -6570.1834    24928.789   -1252.6436   -1421.4201   -1305.8464   -1030.6642    29.212388    29.212388    29.212388   -6589.6737 
   22950    282.51615    74.752506   -6644.9318   -6570.1793    24925.894    -1005.057   -1233.7495   -1000.1579   -781.26358    29.211257    29.211257    29.211257   -6585.8155 
   22960    284.24522     75.21001   -6645.3473   -6570.1373    24922.912   -795.81512   -1027.8768   -729.42571   -630.14284    29.210092    29.210092    29.210092   -6582.5168 
   22970    286.41682    75.784607   -6645.8499   -6570.0653    24919.859   -636.91162   -818.44009   -517.38758    -574.9072      29.2089      29.2089      29.2089   -6579.9717 
   22980    287.80822    76.152764    -6646.126   -6569.9732    24916.752   -506.13628   -620.24511   -344.66816   -553.49558    29.207686    29.207686    29.207686   -6577.8445 
   22990    287.88915    76.174179   -6646.0415   -6569.8674    24913.603   -367.72021    -443.1683    -182.3372   -477.65515    29.206455    29.206455    29.206455   -6575.5853 
   23000     287.1747    75.985137   -6645.7332   -6569.7481    24910.424   -209.13811   -315.43546   -23.393829   -288.58503    29.205213    29.205213    29.205213   -6572.9997 
   23010    286.72435    75.865978   -6645.4775   -6569.6115    24907.229   -52.551765   -235.49227    102.49592   -24.658947    29.203964    29.203964    29.203964   -6570.4285 
   23020    287.22605    75.998726   -6645.4529   -6569.4542    24904.034     98.84738    -119.9651    187.99609    228.51115    29.202715    29.202715    29.202715   -6567.9177 
   23030    288.77763    76.409265   -6645.6864   -6569.2771    24900.851    235.25786    51.317464     283.8151    370.64101    29.201471    29.201471    29.201471   -6565.6208 
   23040    291.04569    77.009384   -6646.0964    -6569.087    24897.693    365.35863    234.18512    465.51055    396.38023    29.200236    29.200236    29.200236   -6563.4093 
   23050    293.32805    77.613288    -6646.508   -6568.8947    24894.571    500.05499    401.12255    714.04492    384.99751    29.199016    29.199016    29.199016   -6561.1249 
   23060    294.71307    77.979758    -6646.692   -6568.7123    24891.499    625.55365     538.1146     915.5957    422.95066    29.197815    29.197815    29.197815   -6558.9936 
   23070    294.71369    77.979922   -6646.5276   -6568.5477    24888.487    754.08814    677.84945    1015.3248    569.09013    29.196637    29.196637    29.196637   -6556.8336 
   23080    293.64604    77.697426   -6646.0995   -6568.4021    24885.547    958.33582    881.68287    1122.5067    870.81784    29.195487    29.195487    29.195487   -6553.5169 
   23090    291.97702    77.255811   -6645.5256   -6568.2698    24882.698    1224.3428    1119.4431    1294.0443    1259.5409    29.194373    29.194373    29.194373   -6549.2551 
   23100    290.14099    76.770005   -6644.9115   -6568.1415    24879.963     1461.744    1335.8923    1461.4448    1587.8949    29.193304    29.193304    29.193304   -6545.4423 
   23110    289.05643    76.483035   -6644.4898   -6568.0067    24877.363    1665.6464    1559.6486     1619.096    1818.1948    29.192287    29.192287    29.192287   -6542.1439 
   23120    289.58835    76.623778   -6644.4816   -6567.8578    24874.917    1860.4295    1791.9242    1825.4985    1963.8658     29.19133     29.19133     29.19133   -6538.9733 
   23130    291.84389    77.220586   -6644.9148   -6567.6942    24872.642    2001.5239    1933.7344    2053.2567    2017.5806     29.19044     29.19044     29.19044    -6536.622 
   23140    295.10701    78.083991   -6645.6085   -6567.5245    24870.551    2108.3565     2002.493    2263.2958    2059.2805    29.189622    29.189622    29.189622   -6534.7965 
   23150    297.96998    78.841522   -6646.2055    -6567.364    24868.653    2238.3374    2097.7742    2441.6779    2175.5602    29.188879    29.188879    29.188879    -6532.621 
   23160    298.92949    79.095403   -6646.3239   -6567.2285    24866.959    2375.7059     2222.225    2578.8604    2326.0322    29.188217    29.188217    29.188217   -6530.3558 
   23170    297.23715    78.647617   -6645.7736    -6567.126    24865.483    2510.6754    2364.3848       2702.3    2465.3414    29.187639    29.187639    29.187639   -6528.1607 
   23180    293.49912     77.65855    -6644.709   -6567.0504    24864.235    2655.2383    2556.4273    2807.9531    2601.3345    29.187151    29.187151    29.187151   -6525.8437 
   23190     289.6087    76.629165   -6643.6135   -6566.9843    24863.229    2793.0003    2791.1284    2857.4411    2730.4316    29.186757    29.186757    29.186757   -6523.6414 
   23200    287.54137    76.082157   -6642.9887   -6566.9065    24862.476    2892.0995    2990.2764    2865.9166    2820.1055    29.186462    29.186462    29.186462   -6522.0271 
   23210    287.86421     76.16758   -6642.9688   -6566.8012    24861.985    2949.0185    3070.2235    2882.4492    2894.3827     29.18627     29.18627     29.18627   -6521.0395 
   23220    289.64436      76.6386   -6643.3009   -6566.6623    24861.762     2966.639     3006.735    2905.8371    2987.3449    29.186183    29.186183    29.186183   -6520.6276 
   23230    291.60143    77.156432   -6643.6482   -6566.4917    24861.806    2949.4437    2840.3019    2919.1129    3088.9162      29.1862      29.1862      29.1862   -6520.7237 
   23240    293.15045    77.566294   -6643.8617   -6566.2954    24862.117    2882.7519    2631.4026    2894.1073    3122.7456    29.186322    29.186322    29.186322   -6521.5617 
   23250    294.80525    78.004147    -6644.085   -6566.0809    24862.688    2745.6098    2449.4271    2785.6605    3001.7419    29.186546    29.186546    29.186546   -6523.4743 
   23260    297.42551    78.697456    -6644.556   -6565.8585    24863.507    2564.4111    2336.7582    2597.3903     2759.085    29.186866    29.186866    29.186866   -6526.0625 
   23270    301.15147    79.683328   -6645.3294   -6565.6461    24864.557    2394.4145    2277.8263    2399.0858    2506.3315    29.187277    29.187277    29.187277   -6528.4866 
   23280    304.87043    80.667348    -6646.137   -6565.4696    24865.823    2260.6577    2235.8826    2252.3268    2293.7638    29.187772    29.187772    29.187772   -6530.3841 
   23290    306.60571    81.126495   -6646.4843   -6565.3578    24867.292    2159.2921    2180.7388    2150.9459    2146.1915    29.188347    29.188347    29.188347   -6531.8435 
   23300    305.00834    80.703839   -6646.0334   -6565.3296    24868.956    2093.2573    2117.8959    2074.6566    2087.2193    29.188998    29.188998    29.188998   -6532.8381 
   23310    300.29635    79.457067   -6644.8413   -6565.3842    24870.809    2067.0425    2082.3533    2019.8915    2098.8828    29.189723    29.189723    29.189723   -6533.2972 
   23320    294.24803    77.856709   -6643.3579   -6565.5012    24872.847     2060.205    2064.0439    1981.5837    2134.9876     29.19052     29.19052     29.19052   -6533.5177 
   23330    289.55298    76.614421   -6642.2659   -6565.6515    24875.069    2054.8404    2055.5297    1966.4396    2142.5518    29.191389    29.191389    29.191389   -6533.7485 
   23340    288.09063     76.22749   -6642.0404   -6565.8129    24877.476    2013.2004    2016.4772    1943.1294    2079.9945    29.192331    29.192331    29.192331   -6534.5533 
   23350    289.70449    76.654509    -6642.633   -6565.9785    24880.062    1889.1166    1865.2042    1863.7697    1938.3758    29.193342    29.193342    29.193342   -6536.6425 
   23360    292.77294    77.466407   -6643.6231   -6566.1567    24882.817    1675.2355    1588.2457    1716.4054    1721.0552     29.19442     29.19442     29.19442   -6540.1392 
   23370    295.40002    78.161522   -6644.5251   -6566.3636     24885.72    1402.4483    1248.2488    1509.2953     1449.801    29.195555    29.195555    29.195555   -6544.5801 
   23380    296.58685     78.47555   -6645.0886    -6566.613    24888.748    1102.9638    908.64273    1242.7826    1157.4661    29.196739    29.196739    29.196739   -6549.4792 
   23390    296.71101    78.508403   -6645.4192   -6566.9108    24891.874    823.91358    626.56649    950.89547    894.27879    29.197961    29.197961    29.197961   -6554.1102 
   23400    296.68992    78.502822   -6645.7579    -6567.255    24895.072    581.50743    413.50885    658.30051    672.71292    29.199212    29.199212    29.199212   -6558.2194 
   23410    296.85003    78.545187   -6646.1849   -6567.6397     24898.32    349.36747    242.96037    371.40694    433.73511    29.200482    29.200482    29.200482   -6562.2104 
   23420    296.64567    78.491114   -6646.5462   -6568.0551    24901.597    135.21825    94.813201    142.71498    168.12656    29.201763    29.201763    29.201763   -6565.9535 
   23430    295.10708     78.08401   -6646.5691    -6568.485    24904.884     -63.7221    -78.81819   -13.875154   -98.472956    29.203047    29.203047    29.203047   -6569.4756 
   23440    291.63806    77.166122   -6646.0703   -6568.9042    24908.162   -270.07471   -308.96645    -137.3125   -363.94518    29.204329    29.204329    29.204329   -6573.1029 
   23450    286.81594    75.890212   -6645.1721   -6569.2819    24911.413   -469.99775    -572.7393   -253.64418   -583.60977    29.205599    29.205599    29.205599   -6576.5896 
   23460    282.47725    74.742215   -6644.3347   -6569.5924    24914.618   -650.85101   -824.60536   -407.04194   -720.90572    29.206852    29.206852    29.206852   -6579.7135 
   23470    280.58975    74.242791   -6644.0671   -6569.8243    24917.762   -824.51505   -1033.8114    -613.1778    -826.5559     29.20808     29.20808     29.20808   -6582.6476 
   23480     282.0434    74.627419   -6644.6101   -6569.9827    24920.828   -1016.6116   -1216.3111   -862.03692   -971.48695    29.209278    29.209278    29.209278   -6585.7954 
   23490    286.29218    75.751628    -6645.838   -6570.0864    24923.798   -1239.2284   -1383.2206   -1150.4916   -1183.9731    29.210438    29.210438    29.210438   -6589.3641 
   23500    291.41461    77.106999   -6647.2698   -6570.1628    24926.653   -1479.8526   -1536.2687    -1454.897   -1448.3921    29.211554    29.211554    29.211554   -6593.1863 
   23510    294.85692    78.017819   -6648.2576   -6570.2398    24929.371   -1703.1802   -1704.8592   -1708.0044    -1696.677    29.212615    29.212615    29.212615   -6596.7408 
   23520     294.9127    78.032579   -6648.3674   -6570.3348    24931.932   -1874.8422   -1873.0764   -1874.5181   -1876.9323    29.213616    29.213616    29.213616   -6599.5098 
   23530    291.63244    77.164637   -6647.6116    -6570.447    24934.321   -2004.2912   -2006.0713   -1988.4913   -2018.3109    29.214549    29.214549    29.214549   -6601.6393 
   23540    286.77668    75.879824    -6646.439   -6570.5592    24936.525   -2102.4602   -2110.2894     -2078.99   -2118.1012    29.215409    29.215409    29.215409   -6603.2822 
   23550    282.94098    74.864915    -6645.514   -6570.6491    24938.536   -2164.4796   -2183.6519   -2156.2247   -2153.5621    29.216195    29.216195    29.216195   -6604.3401 
   23560    281.91281    74.592865   -6645.2939    -6570.701    24940.349   -2190.3783   -2221.5256   -2193.3951   -2156.2141    29.216903    29.216903    29.216903   -6604.7976 
   23570    283.51202    75.016011   -6645.7282   -6570.7122    24941.961   -2206.7233   -2244.4941   -2197.6067   -2178.0692    29.217532    29.217532    29.217532   -6605.0655 
   23580     285.9382    75.657965   -6646.3483   -6570.6904     24943.37   -2246.9689   -2278.3056   -2219.5588   -2243.0423    29.218082    29.218082    29.218082   -6605.6721 
   23590    287.34023    76.028938   -6646.6757   -6570.6467    24944.573   -2296.9732   -2332.4497   -2251.7566   -2306.7133    29.218552    29.218552    29.218552   -6606.4087 
   23600    287.14741    75.977917   -6646.5659    -6570.588    24945.567    -2342.198   -2416.7472   -2260.9822   -2348.8647     29.21894     29.21894     29.21894   -6607.0556 
   23610     286.1891    75.724352   -6646.2376   -6570.5133    24946.346   -2386.5214    -2511.821   -2234.5606   -2413.1826    29.219244    29.219244    29.219244   -6607.6721 
   23620    285.75952    75.610687   -6646.0281   -6570.4174    24946.907   -2426.8292   -2573.1978   -2206.6046   -2500.6854    29.219464    29.219464    29.219464   -6608.2047 
   23630    286.38192    75.775373   -6646.0723   -6570.2969    24947.247   -2451.3203   -2569.4988   -2207.3722   -2577.0899    29.219596    29.219596    29.219596   -6608.4661 
   23640    287.24662    76.004169   -6646.1565   -6570.1524    24947.365   -2441.3121   -2509.7166    -2204.989   -2609.2308    29.219642    29.219642    29.219642   -6608.1659 
   23650    286.99936    75.938743   -6645.9245   -6569.9857     24947.26   -2371.7691   -2424.0492   -2147.3577   -2543.9002    29.219601    29.219601    29.219601   -6606.9162 
   23660    285.16114    75.452359   -6645.2468   -6569.7945     24946.94   -2256.5174    -2345.341    -2050.573   -2373.6382    29.219476    29.219476    29.219476   -6604.9299 
   23670    282.81065     74.83043    -6644.399   -6569.5686    24946.415   -2145.6597   -2289.8547   -1987.9815   -2159.1427    29.219271    29.219271    29.219271   -6602.9772 
   23680     281.9726    74.608686   -6643.9041   -6569.2954    24945.695    -2098.395   -2276.5256    -2008.599   -2010.0603     29.21899     29.21899     29.21899   -6601.9672 
   23690    284.36082    75.240597   -6644.2097   -6568.9691    24944.784   -2150.4293   -2334.7696   -2096.6108   -2019.9075    29.218634    29.218634    29.218634   -6602.4498 
   23700    290.14246    76.770393   -6645.3719   -6568.6015    24943.678   -2251.5385   -2437.2918   -2162.9414   -2154.3824    29.218203    29.218203    29.218203   -6603.6549 
   23710    297.20423    78.638908   -6646.8656   -6568.2267    24942.369   -2308.9143   -2507.6542   -2133.9774   -2285.1113    29.217692    29.217692    29.217692   -6604.1714 
   23720    302.14524    79.946276   -6647.8377   -6567.8915    24940.852   -2259.9992   -2474.5584   -2009.5963   -2295.8429    29.217099    29.217099    29.217099   -6603.0725 
   23730    302.38922    80.010832   -6647.6422   -6567.6314    24939.132   -2114.4448    -2332.867   -1849.0402   -2161.4273    29.216428    29.216428    29.216428   -6600.5444 
   23740    297.97416    78.842627    -6646.294   -6567.4514    24937.223   -1910.2431   -2107.7913   -1680.7925   -1942.1454    29.215682    29.215682    29.215682   -6597.1835 
   23750    291.51802     77.13436   -6644.4605   -6567.3261    24935.142   -1661.2562   -1809.6069   -1497.6335   -1676.5282    29.214869    29.214869    29.214869   -6593.1807 
   23760    286.61171    75.836175   -6643.0559   -6567.2197    24932.913   -1416.0006   -1495.1082    -1330.394   -1422.4996    29.213999    29.213999    29.213999   -6589.2554 
   23770    285.84503    75.633313   -6642.7396   -6567.1063    24930.557   -1216.5479   -1228.1283   -1174.1241   -1247.3913    29.213078    29.213078    29.213078   -6586.0363 
   23780    289.21082    76.523886   -6643.5052   -6566.9813    24928.093   -1072.7021    -1041.655   -1014.3076   -1162.1437    29.212116    29.212116    29.212116   -6583.6713 
   23790    294.35072    77.883882   -6644.7443   -6566.8604    24925.534   -955.34512   -922.09345     -850.256   -1093.6859    29.211116    29.211116    29.211116    -6581.723 
   23800    298.25248     78.91627   -6645.6851   -6566.7689    24922.891   -833.31631   -842.00459    -698.8696   -959.07475    29.210084    29.210084    29.210084   -6579.7316 
   23810    299.03055    79.122143   -6645.8475   -6566.7254    24920.177   -689.99002   -769.62193   -569.61529   -730.73283    29.209024    29.209024    29.209024   -6577.4574 
   23820    296.81423    78.535713   -6645.2665   -6566.7308    24917.403   -512.31759   -659.37106   -434.95736   -442.62434     29.20794     29.20794     29.20794   -6574.6984 
   23830    293.28649    77.602289    -6644.372   -6566.7697    24914.586    -304.6728   -488.47178    -272.2022   -153.34441    29.206839    29.206839    29.206839   -6571.5076 
   23840    290.54294    76.876359    -6643.698   -6566.8217    24911.745   -95.636105   -269.71561   -96.967896    79.775197    29.205729    29.205729    29.205729   -6568.3087 
   23850    289.79565     76.67863   -6643.5505   -6566.8719    24908.898    96.710851   -17.437872    69.700187    237.87024    29.204616    29.204616    29.204616   -6565.3683 
   23860     290.8542    76.958719   -6643.8755   -6566.9168    24906.064    273.44087    252.33611    236.87465    331.11185    29.203509    29.203509    29.203509   -6562.6661 
   23870     292.5399    77.404747   -6644.3663   -6566.9616    24903.258    427.42789    492.61545    402.38814    387.28008    29.202412    29.202412    29.202412   -6560.3179 
   23880    293.44304    77.643713   -6644.6574   -6567.0137    24900.494    561.56908    664.56373    561.00052      459.143    29.201332    29.201332    29.201332    -6558.286 
   23890    292.95692    77.515088   -6644.5909   -6567.0758    24897.785    705.24082     782.9229    741.98169    590.81788    29.200272    29.200272    29.200272   -6556.1164 
   23900    291.63589    77.165549   -6644.3092   -6567.1436    24895.143     850.7691    862.88644    934.63639    754.78448    29.199239    29.199239    29.199239   -6553.9241 
   23910    290.69418    76.916378   -6644.1263   -6567.2099    24892.581    954.22352    895.68431    1075.9444    891.04183    29.198238    29.198238    29.198238   -6552.3844 
   23920    291.06717    77.015068   -6644.2854   -6567.2704    24890.108    996.18766    902.86466    1116.9416    968.75675    29.197271    29.197271    29.197271   -6551.7944 
   23930    292.89833    77.499586   -6644.8274   -6567.3278    24887.728     1006.265    944.41275    1054.3196    1020.0626     29.19634     29.19634     29.19634   -6551.6968 
   23940    295.58189    78.209643   -6645.6012   -6567.3916    24885.443    1033.7372    1057.5181    948.63443    1095.0592    29.195447    29.195447    29.195447   -6551.3353 
   23950    297.85242    78.810414   -6646.2838   -6567.4734    24883.254    1105.3027    1223.2114    901.87721    1190.8194    29.194591    29.194591    29.194591    -6550.307 
   23960    298.47026    78.973893   -6646.5548   -6567.5809    24881.169    1224.4294    1394.4061    967.56756    1311.3145    29.193775    29.193775    29.193775    -6548.566 
   23970     296.9761    78.578544   -6646.2908   -6567.7123    24879.197    1370.2949    1522.5085    1136.2732    1452.1031    29.193004    29.193004    29.193004   -6546.4338 
   23980    293.98253    77.786458   -6645.6424    -6567.856    24877.352    1530.5867    1612.3668    1379.3774     1600.016    29.192282    29.192282    29.192282   -6544.0902 
   23990    290.96122    76.987035    -6644.983    -6567.996    24875.647    1651.1419    1653.7412    1607.1604    1692.5241    29.191615    29.191615    29.191615   -6542.3601 
   24000    289.38899    76.571028   -6644.6913   -6568.1203    24874.094    1719.4967     1661.371    1772.0002    1725.1189    29.191008    29.191008    29.191008   -6541.4248 
   24010    289.73611    76.662876   -6644.8886   -6568.2257    24872.698    1781.9412    1694.1796    1885.2361    1766.4081    29.190462    29.190462    29.190462   -6540.5623 
   24020    291.10514    77.025115    -6645.343   -6568.3179    24871.465    1848.6005    1757.0275    1963.2688     1825.505    29.189979    29.189979    29.189979    -6539.621 
   24030     291.9347    77.244614   -6645.6502   -6568.4056    24870.401    1904.1122    1830.2593    2009.0367    1873.0407    29.189563    29.189563    29.189563   -6538.8483 
   24040     291.4485    77.115967   -6645.6099   -6568.4939     24869.51    1956.0851    1924.0257    2040.7011    1903.5284    29.189215    29.189215    29.189215   -6538.1309 
   24050    290.43543    76.847913   -6645.4295   -6568.5816    24868.798    2012.9986    2034.7404    2080.3266    1923.9287    29.188936    29.188936    29.188936   -6537.3361 
   24060    290.35448    76.826494   -6645.4921   -6568.6656    24868.268    2070.4121    2128.6238    2113.5687    1969.0438    29.188729    29.188729    29.188729   -6536.5296 
   24070    291.72051    77.187938   -6645.9354   -6568.7475    24867.927    2104.6203    2163.8325    2099.7429    2050.2854    29.188595    29.188595    29.188595   -6536.0809 
   24080    293.55762    77.674031   -6646.5091   -6568.8351    24867.776    2101.6807     2133.138    2044.9231     2126.981    29.188536    29.188536    29.188536   -6536.2144 
   24090     294.3173    77.875037   -6646.8128   -6568.9377    24867.815    2084.1552     2070.515    1997.4842    2184.4666    29.188551    29.188551    29.188551    -6536.589 
   24100    293.10346    77.553862   -6646.6125   -6569.0586    24868.043    2076.4545     2022.238    1984.8793    2222.2463    29.188641    29.188641    29.188641   -6536.8291 
   24110    290.27942    76.806634   -6645.9976    -6569.191    24868.459    2102.4944    2035.3119    2055.0847    2217.0866    29.188803    29.188803    29.188803   -6536.5567 
   24120    287.05501    75.953468   -6645.2739   -6569.3205    24869.065    2130.3325    2079.2572    2178.2309    2133.5095     29.18904     29.18904     29.18904   -6536.2533 
   24130    284.77111    75.349159   -6644.7811    -6569.432    24869.862    2075.6567    2056.1686    2228.9147    1941.8868    29.189352    29.189352    29.189352   -6537.2125 
   24140    284.51595    75.281645   -6644.7977   -6569.5161    24870.846    1963.2064    1960.7465    2213.2724    1715.6002    29.189737    29.189737    29.189737   -6539.0409 
   24150    286.39141    75.777883   -6645.3508   -6569.5729    24872.007    1843.0044    1818.5358    2156.8951    1553.5822    29.190192    29.190192    29.190192   -6540.9623 
   24160    289.43545    76.583322   -6646.1956   -6569.6123    24873.334    1706.7954     1631.575    2016.9793    1471.8319     29.19071     29.19071     29.19071   -6543.1148 
   24170    292.29444    77.339799   -6646.9894   -6569.6496    24874.813    1557.5432    1452.5613    1792.8777    1427.1907    29.191289    29.191289    29.191289   -6545.4677 
   24180    293.68186    77.706904   -6647.4067   -6569.6998    24876.433    1440.7383    1354.4889    1596.3038    1371.4221    29.191923    29.191923    29.191923     -6547.33 
   24190    292.99755    77.525837   -6647.2969    -6569.771    24878.182    1383.8722    1354.9806    1515.0415    1281.5945    29.192607    29.192607    29.192607   -6548.2826 
   24200    290.79306    76.942539   -6646.8037   -6569.8612    24880.055     1339.196    1386.5861    1474.4014    1156.6004     29.19334     29.19334     29.19334    -6549.065 
   24210    288.26383    76.273318    -6646.234   -6569.9607    24882.047    1279.3559    1371.8793    1403.0379    1063.1505    29.194119    29.194119    29.194119   -6550.0921 
   24220    286.37379    75.773221   -6645.8314   -6570.0582    24884.154    1218.3288    1310.6866    1301.2623    1043.0376    29.194943    29.194943    29.194943   -6551.1357 
   24230    285.41708    75.520079    -6645.665   -6570.1449    24886.369    1122.3769    1184.8669    1162.6477     1019.616    29.195809    29.195809    29.195809   -6552.7112 
   24240     285.2488    75.475554   -6645.6916   -6570.2161    24888.682    958.44566    973.45921    983.10683    918.77095    29.196714    29.196714    29.196714   -6555.3273 
   24250    285.64974    75.581642   -6645.8519   -6570.2702    24891.081    750.45714    726.09036    790.03061    735.25045    29.197651    29.197651    29.197651   -6558.6113 
   24260    286.33691    75.763463   -6646.0715   -6570.3081    24893.545    553.15034    526.19382     634.4408    498.81641    29.198615    29.198615    29.198615   -6561.7136 
   24270    287.08174    75.960542   -6646.2919   -6570.3313    24896.058    389.62835     389.8494    528.64661    250.38904    29.199597    29.199597    29.199597   -6564.2769 
   24280    287.90988    76.179664   -6646.5218   -6570.3421    24898.603    230.27523    236.75716    416.80833    37.260202    29.200592    29.200592    29.200592   -6566.7635 
   24290    288.90741    76.443606   -6646.7864   -6570.3428    24901.168    71.946969    28.779296    268.10571   -81.044101    29.201595    29.201595    29.201595   -6569.2246 
   24300    289.92342    76.712438   -6647.0493   -6570.3369    24903.736   -63.033253   -217.03836    115.72449   -87.785888    29.202599    29.202599    29.202599   -6571.3166 
   24310    290.36474    76.829209   -6647.1578   -6570.3285    24906.297   -202.75038    -478.5503   -52.175427   -77.525425      29.2036      29.2036      29.2036   -6573.4804 
   24320    289.57738    76.620877   -6646.9404   -6570.3195    24908.837   -349.07229   -678.05185   -234.02423   -135.14079    29.204592    29.204592    29.204592   -6575.7465 
   24330    287.51152    76.074258   -6646.3797   -6570.3055    24911.343   -465.64559   -761.74679   -375.46618   -259.72379    29.205572    29.205572    29.205572   -6577.5455 
   24340    284.94391    75.394882   -6645.6693   -6570.2744    24913.804   -579.38408   -781.75457   -500.08122   -456.31645    29.206534    29.206534    29.206534   -6579.2838 
   24350    283.15199    74.920748    -6645.131   -6570.2103     24916.21    -734.8719   -810.73284   -658.19345   -735.68941    29.207474    29.207474    29.207474   -6581.6386 
   24360    283.15628    74.921881   -6645.0212   -6570.0993    24918.548   -919.31975   -899.26988   -825.33324   -1033.3561    29.208387    29.208387    29.208387   -6584.3974 
   24370    285.28546    75.485253   -6645.4213    -6569.936    24920.799   -1103.1878   -1075.0644   -962.81601    -1271.683    29.209267    29.209267    29.209267   -6587.0954 
   24380    288.82058    76.420632   -6646.1474   -6569.7267    24922.948   -1273.0201   -1316.7618   -1076.4611   -1425.8374    29.210106    29.210106    29.210106   -6589.5294 
   24390    292.27413    77.334423   -6646.8229   -6569.4885     24924.98   -1421.9131   -1577.4326    -1186.449   -1501.8576      29.2109      29.2109      29.2109   -6591.6091 
   24400    294.52344    77.929582   -6647.1719   -6569.2424    24926.881   -1548.7551   -1805.6808   -1323.7003   -1516.8841    29.211643    29.211643    29.211643   -6593.3381 
   24410    295.47537    78.181457   -6647.1872   -6569.0057     24928.64   -1661.3659   -1960.4872   -1515.4736   -1508.1369     29.21233     29.21233     29.21233   -6594.8553 
   24420    295.63653    78.224101   -6647.0127   -6568.7886    24930.245    -1759.376   -2047.1213   -1727.7338   -1503.2728    29.212957    29.212957    29.212957   -6596.1649 
   24430    295.46588    78.178948    -6646.774    -6568.595    24931.691   -1789.9891   -2051.7101   -1832.8269   -1485.4304    29.213521    29.213521    29.213521   -6596.4493 
   24440    295.07743    78.076165   -6646.5022    -6568.426    24932.972    -1756.816    -1978.531   -1794.5042   -1497.4127    29.214022    29.214022    29.214022   -6595.7655 
   24450    294.29128    77.868154   -6646.1485   -6568.2803    24934.093   -1717.0308   -1869.9211   -1698.7125    -1582.459    29.214459    29.214459    29.214459   -6595.0018 
   24460    292.99792    77.525935   -6645.6801   -6568.1542    24935.056    -1681.324     -1724.38   -1618.2927   -1701.2994    29.214836    29.214836    29.214836    -6594.321 
   24470    291.30084    77.076897    -6645.118   -6568.0411    24935.866    -1629.034   -1533.5955   -1560.8454    -1792.661    29.215152    29.215152    29.215152    -6593.395 
   24480    289.11252    76.497877   -6644.4299    -6567.932    24936.527    -1541.898   -1347.8921   -1481.1095   -1796.6923     29.21541     29.21541     29.21541   -6591.9303 
   24490    286.34122    75.764604   -6643.5794   -6567.8148    24937.048   -1413.4619    -1202.933   -1363.5527   -1673.9001    29.215614    29.215614    29.215614   -6589.8146 
   24500    283.65591    75.054082   -6642.7291    -6567.675    24937.439   -1279.2901   -1098.2084   -1271.3445   -1468.3173    29.215767    29.215767    29.215767   -6587.5868 
   24510    282.34908      74.7083   -6642.2063    -6567.498    24937.714    -1198.815   -1060.0694   -1262.9088    -1273.467    29.215874    29.215874    29.215874   -6586.1574 
   24520    283.45766    75.001626    -6642.277   -6567.2754    24937.879   -1206.8609   -1101.4369   -1348.9421   -1170.2037    29.215938    29.215938    29.215938   -6586.0602 
   24530    287.09466    75.963961   -6642.9746   -6567.0106    24937.934   -1282.7145   -1194.3406   -1495.4704   -1158.3325     29.21596     29.21596     29.21596   -6586.9761 
   24540    292.25098      77.3283   -6644.0499   -6566.7216    24937.871   -1389.1384   -1328.8237   -1625.5518   -1213.0398    29.215935    29.215935    29.215935   -6588.3435 
   24550    297.08715    78.607929   -6645.0449    -6566.437    24937.683   -1494.5208   -1494.6013   -1674.9154   -1314.0456    29.215862    29.215862    29.215862   -6589.6991 
   24560    299.74151    79.310261   -6645.4971   -6566.1869    24937.359   -1546.6352   -1626.4383    -1608.111   -1405.3563    29.215735    29.215735    29.215735   -6590.2597 
   24570    299.49225    79.244306   -6645.2334   -6565.9891    24936.896   -1512.4568   -1657.7947   -1437.0163   -1442.5594    29.215554    29.215554    29.215554   -6589.5296 
   24580    297.27791    78.658403   -6644.5026   -6565.8442    24936.297   -1436.9618   -1602.7845   -1247.9354   -1460.1655     29.21532     29.21532     29.21532   -6588.2091 
   24590    294.98724      78.0523   -6643.7925   -6565.7402    24935.567   -1387.9108    -1546.183   -1140.9664   -1476.5831    29.215035    29.215035    29.215035    -6587.341 
   24600    294.14768    77.830158   -6643.4943   -6565.6641    24934.711   -1369.7024    -1512.131    -1134.249   -1462.7272    29.214701    29.214701    29.214701   -6586.9808 
   24610    295.10223    78.082727   -6643.6935   -6565.6107    24933.733   -1322.4503    -1439.876   -1174.5542   -1352.9206    29.214319    29.214319    29.214319   -6586.1913 
   24620    296.78245    78.527307   -6644.1115   -6565.5842    24932.635   -1245.2316   -1345.5607   -1235.7378   -1154.3962     29.21389     29.21389     29.21389   -6584.9622 
   24630    297.53572    78.726618   -6644.3201   -6565.5935    24931.426    -1177.531   -1269.1304   -1290.8692   -972.59344    29.213418    29.213418    29.213418    -6583.917 
   24640    296.47691     78.44646   -6644.0904    -6565.644     24930.11   -1107.7957   -1186.3683   -1269.4457   -867.57332    29.212904    29.212904    29.212904   -6582.8814 
   24650     294.0672    77.808862   -6643.5409   -6565.7321    24928.696   -1015.5961    -1067.228   -1151.1049   -828.45555    29.212352    29.212352    29.212352    -6581.534 
   24660    291.84703    77.221416   -6643.0693   -6565.8479    24927.191   -934.54435   -933.38839   -1030.4377   -839.80698    29.211764    29.211764    29.211764   -6580.3879 
   24670    291.45086    77.116591   -6643.1002   -6565.9836    24925.603   -892.31705   -835.69734   -968.51831   -872.73549    29.211144    29.211144    29.211144   -6579.8657 
   24680    293.42398     77.63867     -6643.78   -6566.1414    24923.935   -876.16204   -820.17817   -936.45679   -871.85116    29.210492    29.210492    29.210492   -6579.7712 
   24690    296.71372     78.50912   -6644.8453   -6566.3362     24922.19   -871.20192    -889.0959   -891.44789   -833.06196     29.20981     29.20981     29.20981   -6579.8879 
   24700    299.43689    79.229657   -6645.8213   -6566.5917    24920.367   -854.32995   -976.86536   -801.82275   -784.30173    29.209098    29.209098    29.209098     -6579.88 
   24710    299.92965    79.360041   -6646.2881    -6566.928    24918.469   -787.32773   -985.47403   -642.98078   -733.52837    29.208357    29.208357    29.208357   -6579.1732 
   24720    297.39429    78.689196   -6646.0372    -6567.348    24916.503   -659.03542   -869.00931   -431.32118   -676.77578    29.207588    29.207588    29.207588   -6577.5971 
   24730    292.36726    77.359068   -6645.1852   -6567.8261    24914.479   -488.62957   -661.21799   -227.90407   -576.76664    29.206797    29.206797    29.206797   -6575.4245 
   24740    286.80121    75.886314   -6644.1999   -6568.3136    24912.413   -304.27286   -423.64701   -76.893787   -412.27779     29.20599     29.20599     29.20599   -6573.0448 
   24750    283.20921    74.935887   -6643.6953   -6568.7594    24910.322   -145.74821   -220.30253  -0.56121953   -216.38087    29.205173    29.205173    29.205173   -6571.0255 
   24760    283.10512    74.908345   -6644.0418   -6569.1335     24908.22    -38.32887   -96.421072    18.162725   -36.728264    29.204351    29.204351    29.204351   -6569.7294 
   24770    286.01772    75.679005   -6645.1125   -6569.4335    24906.116    11.323277   -45.539612    19.972543    59.536901    29.203529    29.203529    29.203529   -6569.2575 
   24780    289.78013    76.674523   -6646.3506   -6569.6761    24904.015    11.149192    -33.76823    28.022441    39.193366    29.202708    29.202708    29.202708   -6569.5028 
   24790    292.07826    77.282597   -6647.1645   -6569.8819    24901.918    1.5456231   -29.503194     58.12981   -23.989746    29.201888    29.201888    29.201888   -6569.8579 
   24800    291.88718    77.232039   -6647.2961   -6570.0641    24899.824    48.350585    22.447136    134.83047    -12.22585    29.201069    29.201069    29.201069   -6569.3126 
   24810    289.78199    76.675017   -6646.8984   -6570.2234    24897.737    169.84988     142.9024    255.21466    111.43257    29.200254    29.200254    29.200254    -6567.584 
   24820    287.54568    76.083298   -6646.4375   -6570.3542    24895.668    326.80207     289.9826    396.01226    294.41134    29.199445    29.199445    29.199445   -6565.2762 
   24830    286.91289    75.915864   -6646.3686   -6570.4527    24893.631    472.55202    405.90073    558.42502    453.33031    29.198648    29.198648    29.198648   -6563.1105 
   24840    288.28183    76.278079    -6646.801   -6570.5229    24891.639       591.06    470.85825    735.43819    566.88355    29.197869    29.197869    29.197869   -6561.3401 
   24850    290.40535    76.839953   -6647.4162   -6570.5763    24889.702     663.5998    480.20864      863.909    646.68178    29.197112    29.197112    29.197112   -6560.2673 
   24860    291.42627    77.110084   -6647.7351    -6570.625    24887.828    708.91805    487.65607    937.50143    701.59665    29.196379    29.196379    29.196379   -6559.6129 
   24870    290.41406    76.842258   -6647.5171   -6570.6748     24886.02    778.97197    559.14996    1014.7986    762.96737    29.195672    29.195672    29.195672   -6558.5753 
   24880     287.9976    76.202874   -6646.9239   -6570.7211    24884.285    901.07567    707.12053    1126.2797    869.82682    29.194994    29.194994    29.194994    -6556.726 
   24890    285.68984    75.592251   -6646.3455   -6570.7533    24882.635    1051.2661    884.31995    1252.8301    1016.6482    29.194348    29.194348    29.194348   -6554.4266 
   24900    284.74719     75.34283    -6646.105   -6570.7621    24881.081     1198.108    1035.3735    1378.2978    1180.6526    29.193741    29.193741    29.193741    -6552.156 
   24910    285.46761    75.533451   -6646.2781   -6570.7446    24879.637    1327.3549    1151.0144    1477.8346    1353.2157    29.193176    29.193176    29.193176   -6550.1326 
   24920    287.13487    75.974599   -6646.6795   -6570.7049    24878.315    1443.1298    1257.1811    1554.9615    1517.2468    29.192659    29.192659    29.192659   -6548.2962 
   24930    288.38822     76.30623   -6646.9571   -6570.6509    24877.125    1534.1243    1347.6494    1621.3805     1633.343    29.192194    29.192194    29.192194   -6546.8304 
   24940    288.27069    76.275132   -6646.8636   -6570.5885    24876.076    1592.7125    1418.6149    1687.1377    1672.3851    29.191783    29.191783    29.191783   -6545.8594 
   24950    286.96587    75.929883   -6646.4469   -6570.5171    24875.171      1649.11    1503.9291    1785.8061    1657.5948    29.191429    29.191429    29.191429   -6544.9132 
   24960    285.50254    75.542693   -6645.9728   -6570.4301    24874.417    1695.5558    1574.3569     1889.935    1622.3755    29.191134    29.191134    29.191134   -6544.1059 
   24970    284.96059    75.399296    -6645.719   -6570.3197    24873.817    1715.9315    1588.3125    1937.2937    1622.1882    29.190899    29.190899    29.190899   -6543.6799 
   24980    285.75516    75.609534   -6645.7915    -6570.182    24873.373    1733.4171    1567.3269    1927.6935    1705.2308    29.190726    29.190726    29.190726   -6543.2711 
   24990    287.52578    76.078033   -6646.0968   -6570.0187    24873.086    1748.5039    1547.6036    1886.5942    1811.3139    29.190614    29.190614    29.190614    -6542.874 
   25000    289.28153    76.542597   -6646.3799   -6569.8373    24872.958    1780.6175    1589.9005    1868.7524    1883.1995    29.190564    29.190564    29.190564   -6542.1941 
